*** transform info ***
phi = 2.32077E+01
dx  = -4.28732E-01
dy  = 2.47421E+00
*** defect info ***
r  =  6.10036E-01
h  =  1.33510E-01
