*** transform info ***
phi = 5.70797E+01
dx  = -1.08383E+00
dy  = 4.43100E+00
*** defect info ***
r  =  4.98175E-01
h  =  1.51662E-01
