*** transform info ***
phi = 1.78235E+02
dx  = -6.44951E-01
dy  = -2.41903E+00
*** defect info ***
r  =  6.81929E-01
h  =  3.00512E-02
