*** transform info ***
phi = 6.27454E+01
dx  = 7.11875E+00
dy  = -3.00234E+00
*** defect info ***
r  =  1.06011E+00
h  =  1.03769E-01
