*** transform info ***
phi = 5.28296E+01
dx  = 3.18341E+00
dy  = -3.13619E+00
*** defect info ***
r  =  7.68752E-01
h  =  7.78999E-02
