*** transform info ***
phi = 8.40548E+01
dx  = -5.96319E+00
dy  = -3.78301E+00
*** defect info ***
r  =  8.95936E-01
h  =  3.63659E-01
