*** transform info ***
phi = 3.94450E+01
dx  = 1.87254E+00
dy  = -1.95832E+00
*** defect info ***
r  =  1.88041E-01
h  =  1.56577E-01
