*** transform info ***
phi = 1.40147E+02
dx  = 1.92387E+00
dy  = -1.09407E+00
