*** transform info ***
phi = 1.61889E+02
dx  = -7.87125E+00
dy  = 5.73437E+00
