*** transform info ***
phi = 1.05219E+02
dx  = -2.23697E+00
dy  = -6.29425E-01
