*** transform info ***
phi = 1.37545E+02
dx  = 2.67613E+00
dy  = -2.36068E+00
