*** transform info ***
phi = 5.95681E+01
dx  = -5.09036E+00
dy  = 3.52224E+00
