*** transform info ***
phi = 2.08700E+00
dx  = -4.92485E+00
dy  = 8.39564E-01
