*** transform info ***
phi = 1.51306E+02
dx  = -6.68544E-01
dy  = -6.04003E-01
