*** transform info ***
phi = 1.72072E+02
dx  = -5.02853E+00
dy  = -1.30962E+00
