*** transform info ***
phi = 7.17776E+01
dx  = -1.31620E+00
dy  = -1.38099E+00
