*** transform info ***
phi = 1.29593E+02
dx  = 3.65628E+00
dy  = 2.04644E+00
