*** transform info ***
phi = 1.03610E+02
dx  = 7.88858E+00
dy  = 2.08470E+00
*** defect info ***
r  =  8.04746E-01
h  =  2.16658E-01
