*** transform info ***
phi = 1.69309E+02
dx  = -7.66414E+00
dy  = 5.18630E+00
*** defect info ***
r  =  2.56664E-01
h  =  1.36468E-01
