*** transform info ***
phi = 7.56366E+01
dx  = 5.05934E+00
dy  = 2.06963E+00
*** defect info ***
r  =  4.53782E-01
h  =  1.87678E-01
