*** transform info ***
phi = 5.76313E+01
dx  = -4.01607E+00
dy  = -6.86726E+00
*** defect info ***
r  =  7.32451E-01
h  =  3.10222E-01
