*** transform info ***
phi = 1.50582E+02
dx  = -2.68639E+00
dy  = 6.15525E+00
*** defect info ***
r  =  9.00558E-01
h  =  1.82205E-01
