*** transform info ***
phi = 1.31885E+01
dx  = 7.89203E+00
dy  = -1.83933E+00
*** defect info ***
r  =  2.91484E-01
h  =  2.16572E-02
