*** transform info ***
phi = 2.47856E+01
dx  = 1.62415E+00
dy  = -3.27274E+00
*** defect info ***
r  =  2.15169E-01
h  =  3.16569E-02
