*** transform info ***
phi = 1.15764E+01
dx  = 4.13203E-01
dy  = 1.37877E+00
*** defect info ***
r  =  9.70947E-01
h  =  1.04530E-01
