*** transform info ***
phi = 5.90433E+01
dx  = -3.09081E+00
dy  = -5.70407E+00
