*** transform info ***
phi = 1.51306E+02
dx  = -4.87981E+00
dy  = 4.30078E+00
