*** transform info ***
phi = 1.19852E+02
dx  = 8.59527E-01
dy  = 1.46924E+00
