*** transform info ***
phi = 1.79067E+02
dx  = 4.26691E+00
dy  = -3.57328E+00
