*** transform info ***
phi = 1.76429E+02
dx  = 7.32901E-01
dy  = 4.60020E+00
