*** transform info ***
phi = 7.08920E+01
dx  = -2.49599E+00
dy  = -3.65100E+00
