*** transform info ***
phi = 8.08896E+01
dx  = -4.17497E+00
dy  = -2.65065E+00
