*** transform info ***
phi = 9.84241E+01
dx  = 1.50238E+00
dy  = 4.06355E-01
