*** transform info ***
phi = 1.59276E+02
dx  = -4.08577E+00
dy  = 4.60588E+00
*** defect info ***
r  =  7.78417E-01
h  =  1.00592E-01
