*** transform info ***
phi = 1.39298E+02
dx  = 7.48906E+00
dy  = -9.05595E-01
*** defect info ***
r  =  1.00256E+00
h  =  1.87443E-01
