*** transform info ***
phi = 7.15373E+01
dx  = 4.84498E+00
dy  = 9.65532E-01
