*** transform info ***
phi = 1.35877E+02
dx  = -3.28883E+00
dy  = -2.33073E+00
