*** transform info ***
phi = 1.43027E+02
dx  = -6.02941E+00
dy  = -1.80974E+00
*** defect info ***
r  =  1.16602E+00
h  =  1.10786E-01
