*** transform info ***
phi = 1.62238E+02
dx  = 3.47031E+00
dy  = 4.67204E+00
