*** transform info ***
phi = 9.42156E+01
dx  = 6.66806E+00
dy  = 2.51772E+00
