*** transform info ***
phi = 6.53962E+00
dx  = 5.16092E+00
dy  = 5.40161E-01
