*** transform info ***
phi = 1.01118E+02
dx  = -5.09136E+00
dy  = 8.90556E-02
*** defect info ***
r  =  7.54135E-01
h  =  2.94652E-01
