*** transform info ***
phi = 5.29779E+01
dx  = 1.99659E-01
dy  = -4.81243E+00
