*** transform info ***
phi = 1.40629E+02
dx  = -5.03505E-01
dy  = -6.03806E+00
