*** transform info ***
phi = 1.66268E+01
dx  = 1.81106E+00
dy  = -1.63409E+00
