*** transform info ***
phi = 9.02937E+01
dx  = -7.98766E+00
dy  = -4.27669E+00
*** defect info ***
r  =  5.02277E-01
h  =  7.57957E-02
