*** transform info ***
phi = 3.34268E+01
dx  = 1.96197E+00
dy  = 2.04679E+00
*** defect info ***
r  =  9.44711E-01
h  =  1.10371E-01
