*** transform info ***
phi = 2.66666E+00
dx  = 5.67618E+00
dy  = 1.65263E+00
