*** transform info ***
phi = 1.72611E+02
dx  = -5.84491E+00
dy  = 5.18827E+00
