*** transform info ***
phi = 9.10016E+00
dx  = 7.71600E+00
dy  = -1.26581E-01
