*** transform info ***
phi = 7.76572E+01
dx  = 6.93268E+00
dy  = 9.86414E-01
*** defect info ***
r  =  6.40226E-01
h  =  2.20403E-01
