*** transform info ***
phi = 8.47575E+01
dx  = -3.80552E+00
dy  = 3.29483E+00
*** defect info ***
r  =  7.30794E-01
h  =  9.25764E-02
