*** transform info ***
phi = 3.17345E+01
dx  = 1.60277E+00
dy  = 3.11614E+00
*** defect info ***
r  =  7.75560E-01
h  =  1.16356E-01
