*** transform info ***
phi = 1.79710E+02
dx  = -3.05678E+00
dy  = -2.46338E+00
*** defect info ***
r  =  6.82095E-01
h  =  1.02708E-01
