*** transform info ***
phi = 1.51584E+02
dx  = -1.63111E-01
dy  = -6.04416E-01
