*** transform info ***
phi = 9.17537E+01
dx  = 3.58338E+00
dy  = 2.13809E+00
