*** transform info ***
phi = 1.49322E+00
dx  = 6.41971E+00
dy  = 1.37887E+00
