*** transform info ***
phi = 1.45046E+01
dx  = -2.10048E+00
dy  = -2.78069E+00
