*** transform info ***
phi = 1.62134E+02
dx  = 8.59081E-02
dy  = -2.63886E+00
