*** transform info ***
phi = 1.55955E+02
dx  = -5.79760E+00
dy  = 3.98332E+00
