*** transform info ***
phi = 1.52922E+01
dx  = 5.99684E+00
dy  = -5.10437E-01
