*** transform info ***
phi = 1.37171E+02
dx  = -2.55630E+00
dy  = 4.01327E+00
