*** transform info ***
phi = 4.67983E+01
dx  = -1.65237E+00
dy  = 1.86706E+00
