*** transform info ***
phi = 1.20724E+02
dx  = -9.61782E-01
dy  = 1.95836E+00
