*** transform info ***
phi = 1.71849E+02
dx  = 4.48038E+00
dy  = 3.30245E-01
