*** transform info ***
phi = 4.37927E+01
dx  = -1.35423E+00
dy  = -1.48171E+00
