*** transform info ***
phi = 9.67492E+01
dx  = -2.06776E+00
dy  = 2.13853E+00
*** defect info ***
r  =  1.12966E+00
h  =  1.64694E-01
