*** transform info ***
phi = 1.59944E+02
dx  = -7.02279E+00
dy  = 4.19709E+00
*** defect info ***
r  =  5.82439E-01
h  =  3.89468E-02
