*** transform info ***
phi = 8.21304E+01
dx  = -4.22570E+00
dy  = 4.25461E+00
*** defect info ***
r  =  7.12728E-01
h  =  1.96700E-01
