*** transform info ***
phi = 5.54312E+01
dx  = -2.67103E-01
dy  = -5.95021E+00
