*** transform info ***
phi = 6.37396E+01
dx  = 4.95281E+00
dy  = -2.45334E+00
