*** transform info ***
phi = 8.99239E+01
dx  = -7.62831E-01
dy  = -3.94677E-01
*** defect info ***
r  =  5.34023E-01
h  =  4.05890E-02
