*** transform info ***
phi = 1.56151E+02
dx  = -3.43909E+00
dy  = 3.11202E-01
*** defect info ***
r  =  5.32568E-01
h  =  7.06140E-02
