*** transform info ***
phi = 5.53493E+01
dx  = 7.20346E+00
dy  = -1.10149E+00
*** defect info ***
r  =  8.02869E-01
h  =  1.42919E-01
