*** transform info ***
phi = 5.09778E+01
dx  = 2.46994E+00
dy  = -5.36087E+00
