*** transform info ***
phi = 4.71789E+01
dx  = -4.28707E+00
dy  = 2.03214E+00
