*** transform info ***
phi = 7.38859E+01
dx  = 1.97336E+00
dy  = -2.08134E+00
