*** transform info ***
phi = 9.03443E+01
dx  = -2.84672E+00
dy  = -4.33202E+00
