*** transform info ***
phi = 1.48406E+02
dx  = -1.20035E+00
dy  = -2.55967E+00
