*** transform info ***
phi = 5.59475E+01
dx  = 2.66546E+00
dy  = 1.49646E-01
