*** transform info ***
phi = 1.38802E+01
dx  = 6.15505E+00
dy  = 1.71624E+00
