*** transform info ***
phi = 1.33534E+01
dx  = 2.92901E+00
dy  = -2.83390E+00
