*** transform info ***
phi = 2.56373E+01
dx  = -1.39414E+00
dy  = 3.44812E+00
