*** transform info ***
phi = 2.56547E+01
dx  = -7.59340E+00
dy  = 8.21271E-01
