*** transform info ***
phi = 7.88952E+01
dx  = -6.51908E+00
dy  = 4.38081E+00
