*** transform info ***
phi = 5.00781E+01
dx  = 1.86406E+00
dy  = -5.64716E+00
