*** transform info ***
phi = 5.65871E+01
dx  = -3.79673E+00
dy  = -4.44162E+00
