*** transform info ***
phi = 9.83100E+01
dx  = 5.38634E+00
dy  = 2.81051E+00
