*** transform info ***
phi = 4.19734E+01
dx  = 3.80419E+00
dy  = -5.51027E-01
