*** transform info ***
phi = 3.85972E+01
dx  = -7.03713E+00
dy  = -7.27858E-01
