*** transform info ***
phi = 8.34903E+01
dx  = 6.15865E+00
dy  = 1.16854E+00
