*** transform info ***
phi = 5.26357E+01
dx  = 6.18913E+00
dy  = 2.12384E+00
