*** transform info ***
phi = 6.22144E+01
dx  = -4.91209E+00
dy  = -6.54737E+00
