*** transform info ***
phi = 5.58567E+01
dx  = 4.99306E+00
dy  = 2.47195E-01
