*** transform info ***
phi = 1.05594E+02
dx  = 3.97949E+00
dy  = 6.37887E-01
