*** transform info ***
phi = 5.80857E+01
dx  = -6.76559E+00
dy  = 9.32286E-01
