*** transform info ***
phi = 1.55511E+02
dx  = -4.73553E+00
dy  = 4.31080E-01
