*** transform info ***
phi = 3.33288E+01
dx  = 3.18413E+00
dy  = 3.19270E+00
