*** transform info ***
phi = 4.88124E+01
dx  = 2.45240E+00
dy  = -6.45563E+00
