*** transform info ***
phi = 4.27607E-01
dx  = 6.84607E+00
dy  = 1.43693E+00
