*** transform info ***
phi = 1.76658E+02
dx  = -4.02940E+00
dy  = 4.91844E+00
