*** transform info ***
phi = 7.42186E+01
dx  = 3.82335E+00
dy  = -3.34193E+00
