*** transform info ***
phi = 1.79144E+02
dx  = -6.74833E+00
dy  = 7.47265E-01
