*** transform info ***
phi = 1.50675E+02
dx  = 3.52909E+00
dy  = 3.08421E+00
