*** transform info ***
phi = 1.62853E+02
dx  = -5.60052E+00
dy  = -4.53320E+00
