*** transform info ***
phi = 1.60157E+02
dx  = 5.03294E+00
dy  = 3.36186E+00
