*** transform info ***
phi = 1.27852E+02
dx  = -4.92508E-01
dy  = 5.16995E+00
