*** transform info ***
phi = 2.28436E+01
dx  = -5.45243E+00
dy  = 1.67310E+00
