*** transform info ***
phi = 1.22873E+02
dx  = 2.32946E+00
dy  = -8.92524E-01
