*** transform info ***
phi = 1.60940E+02
dx  = -6.98939E+00
dy  = 6.33330E+00
