*** transform info ***
phi = 1.65406E+01
dx  = -8.11166E-01
dy  = -1.81179E+00
