*** transform info ***
phi = 6.87446E+01
dx  = -3.97523E+00
dy  = -4.70884E+00
