*** transform info ***
phi = 6.35404E+01
dx  = 5.08679E+00
dy  = -6.45887E+00
