*** transform info ***
phi = 3.73043E+01
dx  = -5.36874E+00
dy  = 1.54847E+00
