*** transform info ***
phi = 7.75384E+01
dx  = 2.30142E+00
dy  = 1.50168E+00
