*** transform info ***
phi = 8.00365E+01
dx  = 2.12826E+00
dy  = 1.19191E+00
