*** transform info ***
phi = 1.48666E+02
dx  = 5.65669E+00
dy  = 2.09789E+00
