*** transform info ***
phi = 1.24040E+02
dx  = 6.57607E-01
dy  = -4.72967E+00
