*** transform info ***
phi = 5.60963E+01
dx  = -3.88886E+00
dy  = 3.59330E+00
