*** transform info ***
phi = 3.94731E+00
dx  = 1.07282E+00
dy  = -4.17711E+00
