*** transform info ***
phi = 1.79314E+02
dx  = -7.80955E+00
dy  = 4.20584E-01
