*** transform info ***
phi = 7.86131E+01
dx  = -3.71430E+00
dy  = -2.59451E+00
