*** transform info ***
phi = 6.75214E+01
dx  = -7.98772E+00
dy  = -3.46588E+00
