*** transform info ***
phi = 1.68042E+02
dx  = -4.44002E+00
dy  = -6.62634E-01
