*** transform info ***
phi = 1.59660E+02
dx  = 7.76151E+00
dy  = -4.18110E+00
