*** transform info ***
phi = 1.33093E+02
dx  = -4.09195E+00
dy  = 1.28820E+00
