*** transform info ***
phi = 1.43767E+02
dx  = 2.28897E+00
dy  = -4.23425E+00
