*** transform info ***
phi = 1.33166E+02
dx  = -3.29020E+00
dy  = -2.11187E+00
