*** transform info ***
phi = 5.39766E+01
dx  = -6.29564E-01
dy  = 5.78267E+00
