*** transform info ***
phi = 1.51447E+02
dx  = 6.92129E+00
dy  = 3.28975E+00
