*** transform info ***
phi = 8.32270E+01
dx  = 6.86736E+00
dy  = -3.32287E+00
