*** transform info ***
phi = 6.48808E+01
dx  = 4.93467E+00
dy  = -5.49151E+00
