*** transform info ***
phi = 1.62642E+02
dx  = 6.82326E+00
dy  = 4.85179E+00
