*** transform info ***
phi = 8.67950E+01
dx  = 7.43636E+00
dy  = 2.91738E+00
