*** transform info ***
phi = 1.59067E+02
dx  = 7.08468E-02
dy  = -4.49887E+00
