*** transform info ***
phi = 1.21327E+02
dx  = 1.53001E+00
dy  = 2.52946E+00
