*** transform info ***
phi = 1.09372E+02
dx  = 1.35713E+00
dy  = 3.29043E+00
