*** transform info ***
phi = 8.97867E+01
dx  = -5.11414E+00
dy  = 2.17521E+00
