*** transform info ***
phi = 5.08314E+01
dx  = -5.34525E+00
dy  = -1.87127E+00
