*** transform info ***
phi = 9.94899E+01
dx  = 5.91231E+00
dy  = 9.74099E-01
