*** transform info ***
phi = 6.74257E+01
dx  = 7.49532E+00
dy  = -1.62578E+00
