*** transform info ***
phi = 1.66177E+01
dx  = -3.05260E+00
dy  = -1.26656E+00
