*** transform info ***
phi = 4.36255E+00
dx  = 4.38362E+00
dy  = 3.85844E+00
