*** transform info ***
phi = 1.41084E+02
dx  = 2.89544E-02
dy  = 1.19302E+00
