*** transform info ***
phi = 8.78128E+01
dx  = 5.11926E+00
dy  = -1.76062E-01
