*** transform info ***
phi = 1.51836E+02
dx  = 6.43290E+00
dy  = 5.64771E+00
