*** transform info ***
phi = 4.91433E+01
dx  = -1.76400E+00
dy  = 2.77583E+00
