*** transform info ***
phi = 1.72564E+02
dx  = -3.44437E+00
dy  = -9.28851E-01
