*** transform info ***
phi = 1.56841E+02
dx  = 6.12429E+00
dy  = 1.40675E+00
