*** transform info ***
phi = 1.60782E+02
dx  = 1.93618E+00
dy  = 2.58189E+00
