*** transform info ***
phi = 8.71385E+01
dx  = 1.39277E+00
dy  = 3.54759E+00
