*** transform info ***
phi = 1.74006E+02
dx  = -6.29936E-01
dy  = 3.38461E+00
