*** transform info ***
phi = 1.65528E+02
dx  = 1.18561E-01
dy  = -2.79278E+00
