*** transform info ***
phi = 1.39689E+02
dx  = -6.29780E+00
dy  = -4.19879E-01
