*** transform info ***
phi = 1.66658E+02
dx  = -5.42532E+00
dy  = -2.76808E-01
