*** transform info ***
phi = 1.05713E+02
dx  = -5.00560E-01
dy  = -2.35125E+00
