*** transform info ***
phi = 1.54955E+02
dx  = -1.25424E+00
dy  = -3.30663E-01
