*** transform info ***
phi = 1.55282E+02
dx  = 6.46794E+00
dy  = -4.90425E+00
