*** transform info ***
phi = 5.12860E+01
dx  = -2.81221E+00
dy  = 4.30559E+00
