*** transform info ***
phi = 1.42254E+02
dx  = 7.10471E+00
dy  = 1.59170E+00
