*** transform info ***
phi = 6.34788E+01
dx  = -3.95612E+00
dy  = -6.15745E+00
