*** transform info ***
phi = 1.00276E+02
dx  = 6.13465E-01
dy  = -2.22560E+00
