*** transform info ***
phi = 5.50894E+01
dx  = -1.74195E+00
dy  = 5.71413E+00
