*** transform info ***
phi = 8.85337E+01
dx  = 9.20354E-01
dy  = -4.36241E+00
