*** transform info ***
phi = 1.41273E+02
dx  = 5.50146E-02
dy  = 2.20445E+00
