*** transform info ***
phi = 1.70597E+02
dx  = 6.10577E+00
dy  = 2.59826E+00
