*** transform info ***
phi = 6.23472E+01
dx  = -4.64148E+00
dy  = -7.29253E+00
