*** transform info ***
phi = 1.35269E+02
dx  = -9.24755E-02
dy  = 4.44183E+00
