*** transform info ***
phi = 1.40347E+02
dx  = 1.71277E+00
dy  = 5.52146E+00
