*** transform info ***
phi = 1.30389E+02
dx  = -2.79481E+00
dy  = -3.99167E-01
