*** transform info ***
phi = 7.89546E+01
dx  = -1.68059E+00
dy  = -1.99801E+00
