*** transform info ***
phi = 1.76174E+02
dx  = -1.57239E+00
dy  = 8.62695E-01
