*** transform info ***
phi = 1.22533E+02
dx  = 3.26481E+00
dy  = 2.28565E+00
