*** transform info ***
phi = 1.74282E+02
dx  = -7.18381E+00
dy  = -1.03210E+00
