*** transform info ***
phi = 1.32103E+02
dx  = 4.88610E+00
dy  = -6.24968E-01
