*** transform info ***
phi = 4.30563E+01
dx  = 1.85420E+00
dy  = 5.30082E+00
