*** transform info ***
phi = 1.52191E+02
dx  = 3.84041E+00
dy  = -6.82893E+00
