*** transform info ***
phi = 4.42380E+00
dx  = -6.61247E-01
dy  = -9.70619E-01
