*** transform info ***
phi = 1.89401E+01
dx  = 8.70231E-01
dy  = 1.73912E+00
