*** transform info ***
phi = 5.57423E+01
dx  = 3.70101E+00
dy  = -5.73643E+00
