*** transform info ***
phi = 1.63459E+02
dx  = 5.48733E+00
dy  = -4.37702E+00
