*** transform info ***
phi = 1.78204E+01
dx  = 4.97519E-01
dy  = -1.90997E+00
