*** transform info ***
phi = 3.42179E+01
dx  = -2.23612E+00
dy  = 2.60346E+00
