*** transform info ***
phi = 5.77772E+01
dx  = 4.13132E+00
dy  = 2.08798E+00
