*** transform info ***
phi = 1.66344E+02
dx  = -3.93252E+00
dy  = 1.24174E+00
