*** transform info ***
phi = 1.74708E+01
dx  = 5.07763E+00
dy  = -6.69616E-01
