*** transform info ***
phi = 1.45542E+02
dx  = 4.61306E+00
dy  = -2.90446E+00
