*** transform info ***
phi = 7.10562E+01
dx  = 9.10678E-01
dy  = -1.58936E+00
