*** transform info ***
phi = 9.11909E+01
dx  = 5.95999E+00
dy  = 5.82178E-01
