*** transform info ***
phi = 1.13710E+02
dx  = -3.37531E+00
dy  = -2.75270E+00
