*** transform info ***
phi = 5.41516E+01
dx  = 4.31506E+00
dy  = 4.54735E+00
