*** transform info ***
phi = 4.89001E+01
dx  = -3.30865E+00
dy  = 2.46322E+00
