*** transform info ***
phi = 6.50439E+01
dx  = 2.30326E+00
dy  = 1.38943E+00
