*** transform info ***
phi = 1.45921E+02
dx  = 5.05670E+00
dy  = -5.69913E+00
