*** transform info ***
phi = 1.31965E+02
dx  = 4.96353E+00
dy  = -1.61758E+00
