*** transform info ***
phi = 1.54064E+02
dx  = 5.61544E-01
dy  = -3.72799E+00
