*** transform info ***
phi = 1.54005E+02
dx  = 4.23954E+00
dy  = 2.30777E+00
