*** transform info ***
phi = 4.80756E+01
dx  = -3.29630E+00
dy  = 5.63736E+00
