*** transform info ***
phi = 5.90547E+01
dx  = 6.35751E+00
dy  = -4.61529E+00
