*** transform info ***
phi = 1.04911E+02
dx  = 3.42274E-01
dy  = 1.20598E+00
