*** transform info ***
phi = 4.92293E+01
dx  = 2.94349E+00
dy  = -2.66618E-01
