*** transform info ***
phi = 1.00555E+02
dx  = -1.80477E+00
dy  = 1.74540E+00
