*** transform info ***
phi = 7.89646E+01
dx  = -6.25764E+00
dy  = -2.62948E+00
