*** transform info ***
phi = 1.41617E+02
dx  = -4.38401E+00
dy  = -4.78413E+00
