*** transform info ***
phi = 8.53636E+01
dx  = 5.95440E+00
dy  = -1.70812E+00
