*** transform info ***
phi = 1.51796E+02
dx  = 1.14712E+00
dy  = -1.74263E+00
