*** transform info ***
phi = 1.73425E+02
dx  = -3.60491E+00
dy  = -4.24390E+00
