*** transform info ***
phi = 1.40343E+02
dx  = 1.14522E+00
dy  = 2.73092E+00
