*** transform info ***
phi = 3.55381E+01
dx  = -2.99332E+00
dy  = 1.16504E+00
