*** transform info ***
phi = 1.74040E+02
dx  = 4.94204E+00
dy  = 5.02342E+00
