*** transform info ***
phi = 8.81543E+01
dx  = -2.20052E+00
dy  = -2.88017E+00
