*** transform info ***
phi = 6.63808E+01
dx  = -4.39873E+00
dy  = -1.44899E+00
