*** transform info ***
phi = 1.39278E+02
dx  = 3.08104E+00
dy  = -4.01210E+00
