*** transform info ***
phi = 1.53243E+02
dx  = -4.84463E+00
dy  = 5.77379E+00
