*** transform info ***
phi = 2.25530E+01
dx  = -2.74093E+00
dy  = 3.44657E-01
