*** transform info ***
phi = 3.23525E+01
dx  = -1.66176E+00
dy  = -4.01545E+00
