*** transform info ***
phi = 1.65097E+02
dx  = -8.54338E-01
dy  = 2.50634E+00
