*** transform info ***
phi = 1.02080E+01
dx  = 1.70756E+00
dy  = 8.71113E-01
