*** transform info ***
phi = 6.26760E+01
dx  = 3.39977E+00
dy  = -3.85609E+00
