*** transform info ***
phi = 1.30542E+02
dx  = -2.29954E+00
dy  = -1.71828E+00
