*** transform info ***
phi = 6.96093E+00
dx  = -6.02796E+00
dy  = -2.13140E+00
