*** transform info ***
phi = 1.67595E+02
dx  = -3.00016E+00
dy  = -1.89038E+00
