*** transform info ***
phi = 5.39653E+01
dx  = 5.85536E+00
dy  = 2.94239E-01
