*** transform info ***
phi = 1.35000E+02
dx  = -6.27267E-01
dy  = -4.93987E+00
