*** transform info ***
phi = 7.54933E+01
dx  = -5.52425E+00
dy  = -1.83628E+00
