*** transform info ***
phi = 8.83533E+01
dx  = -2.58722E+00
dy  = 5.52030E-01
