*** transform info ***
phi = 6.28700E+01
dx  = -1.23844E+00
dy  = 1.73696E+00
