*** transform info ***
phi = 1.17768E+02
dx  = 4.43924E+00
dy  = -1.15550E+00
