*** transform info ***
phi = 1.60879E+02
dx  = -3.47933E+00
dy  = 4.34259E+00
