*** transform info ***
phi = 1.27531E+02
dx  = -3.99040E+00
dy  = 2.60444E+00
