*** transform info ***
phi = 1.16840E+02
dx  = 2.02410E+00
dy  = -1.86908E+00
