*** transform info ***
phi = 6.77442E+01
dx  = -5.01950E+00
dy  = -5.75273E+00
