*** transform info ***
phi = 1.09866E+02
dx  = -1.36391E-01
dy  = 2.88165E+00
