*** transform info ***
phi = 8.00592E+01
dx  = -1.59371E-01
dy  = -2.94787E+00
