*** transform info ***
phi = 1.33591E+02
dx  = -2.70446E+00
dy  = -1.93645E+00
