*** transform info ***
phi = 1.30071E+02
dx  = 5.92297E-01
dy  = -4.25375E+00
