*** transform info ***
phi = 5.70463E+01
dx  = -3.64025E+00
dy  = -4.99696E+00
