*** transform info ***
phi = 1.71254E+01
dx  = 2.67850E+00
dy  = 1.76538E+00
