*** transform info ***
phi = 1.74152E+02
dx  = -3.77587E-01
dy  = -3.93284E+00
