*** transform info ***
phi = 1.23579E+02
dx  = -9.54940E-01
dy  = 2.06963E+00
