*** transform info ***
phi = 6.56869E+01
dx  = -5.48155E+00
dy  = -6.94154E+00
