*** transform info ***
phi = 1.67608E+01
dx  = 3.00950E+00
dy  = 5.50544E-02
