*** transform info ***
phi = 6.70469E+01
dx  = 3.80881E+00
dy  = -3.96123E+00
