*** transform info ***
phi = 8.55313E+01
dx  = -3.69348E+00
dy  = -3.37964E+00
