*** transform info ***
phi = 7.17743E+01
dx  = 7.53523E+00
dy  = 1.90334E+00
