*** transform info ***
phi = 4.51767E+01
dx  = -4.66838E+00
dy  = -1.83280E+00
