*** transform info ***
phi = 4.47516E+01
dx  = -1.67234E+00
dy  = -1.13515E+00
