*** transform info ***
phi = 7.03426E+01
dx  = 4.98118E+00
dy  = -3.67895E+00
