*** transform info ***
phi = 1.48097E+02
dx  = -7.99961E-01
dy  = 3.49331E+00
