*** transform info ***
phi = 1.46171E+02
dx  = 4.88077E+00
dy  = -5.11166E+00
