*** transform info ***
phi = 1.33385E+02
dx  = -1.83253E+00
dy  = -2.14226E+00
