*** transform info ***
phi = 4.42489E+01
dx  = -6.98274E-01
dy  = 4.35626E-01
