*** transform info ***
phi = 7.02466E+01
dx  = -1.53658E+00
dy  = -1.67760E-01
