*** transform info ***
phi = 1.14439E+02
dx  = 4.77923E+00
dy  = 2.94272E-03
