*** transform info ***
phi = 6.38673E+01
dx  = 5.48692E+00
dy  = -1.76470E+00
