*** transform info ***
phi = 7.62350E+00
dx  = -6.97034E+00
dy  = -2.70389E+00
