*** transform info ***
phi = 5.56258E+01
dx  = -5.21460E+00
dy  = -3.66541E+00
