*** transform info ***
phi = 1.48753E+02
dx  = -4.45576E-01
dy  = -1.48276E+00
