*** transform info ***
phi = 1.77121E+02
dx  = -2.77186E+00
dy  = 1.16844E-01
