*** transform info ***
phi = 9.36701E+01
dx  = 2.19116E+00
dy  = -2.64345E+00
