*** transform info ***
phi = 2.06350E+01
dx  = 4.31764E-01
dy  = -4.88297E-02
