*** transform info ***
phi = 9.30577E+01
dx  = 4.61224E+00
dy  = -2.22181E-01
