*** transform info ***
phi = 9.18552E+01
dx  = -1.71769E+00
dy  = 9.88089E-01
