*** transform info ***
phi = 1.06234E+02
dx  = 7.17356E+00
dy  = 1.77526E+00
