*** transform info ***
phi = 1.46284E+02
dx  = -2.24075E+00
dy  = 2.71602E+00
