*** transform info ***
phi = 1.70469E+02
dx  = 7.01927E+00
dy  = -4.14184E+00
