*** transform info ***
phi = 6.34336E+01
dx  = 6.35093E+00
dy  = 6.10837E+00
