*** transform info ***
phi = 7.38690E+01
dx  = 6.52800E+00
dy  = -5.07325E+00
