*** transform info ***
phi = 1.48389E+02
dx  = -1.36622E+00
dy  = -5.50340E+00
