*** transform info ***
phi = 5.77692E+01
dx  = -1.16041E+00
dy  = -5.42879E+00
