*** transform info ***
phi = 2.18525E+01
dx  = -2.37073E+00
dy  = 1.40127E+00
