*** transform info ***
phi = 1.54340E+01
dx  = -9.80850E-01
dy  = -3.90214E+00
