*** transform info ***
phi = 7.99824E+01
dx  = 3.74336E+00
dy  = -1.30944E-01
