*** transform info ***
phi = 1.43580E+01
dx  = -7.35912E+00
dy  = -1.50602E+00
