*** transform info ***
phi = 1.24225E+02
dx  = -3.57976E-01
dy  = 1.19032E+00
