*** transform info ***
phi = 8.93911E+01
dx  = -2.73696E+00
dy  = 3.98728E+00
