*** transform info ***
phi = 1.43830E+02
dx  = 7.33007E+00
dy  = -1.65731E+00
