*** transform info ***
phi = 9.92140E+01
dx  = 5.93345E+00
dy  = -1.25980E+00
