*** transform info ***
phi = 7.96141E+01
dx  = 2.29833E-01
dy  = 3.50847E-01
