*** transform info ***
phi = 1.25611E+02
dx  = 1.81654E+00
dy  = -2.09856E+00
