*** transform info ***
phi = 8.73431E+01
dx  = 7.50880E+00
dy  = -1.72720E+00
