*** transform info ***
phi = 1.42758E+02
dx  = 1.20094E+00
dy  = 1.84400E+00
