*** transform info ***
phi = 8.07751E+01
dx  = -7.98624E+00
dy  = 4.95059E+00
