*** transform info ***
phi = 5.03568E+01
dx  = -4.08463E+00
dy  = -3.19316E+00
