*** transform info ***
phi = 1.23213E+02
dx  = 2.18407E+00
dy  = 1.09569E+00
