*** transform info ***
phi = 1.36039E+02
dx  = -2.39917E+00
dy  = 3.56364E+00
