*** transform info ***
phi = 5.39425E+01
dx  = 2.77925E+00
dy  = 2.97134E+00
