*** transform info ***
phi = 1.02579E+02
dx  = -2.99548E+00
dy  = 9.93266E-01
