*** transform info ***
phi = 7.20321E+01
dx  = 5.15451E+00
dy  = 3.88678E+00
