*** transform info ***
phi = 3.37865E+01
dx  = -3.16558E+00
dy  = 3.19459E+00
