*** transform info ***
phi = 1.59597E+02
dx  = 7.29587E+00
dy  = 7.14006E+00
