*** transform info ***
phi = 1.51738E+02
dx  = -1.17280E+00
dy  = 4.81604E+00
