*** transform info ***
phi = 1.47193E+02
dx  = 1.28490E+00
dy  = 6.03018E+00
