*** transform info ***
phi = 1.95294E+00
dx  = 3.80297E-01
dy  = 2.38555E+00
