*** transform info ***
phi = 1.76113E+02
dx  = 6.49344E+00
dy  = 1.82142E+00
