*** transform info ***
phi = 8.98119E+01
dx  = 1.79323E+00
dy  = -8.70174E-01
