*** transform info ***
phi = 1.11327E+02
dx  = -1.98523E+00
dy  = 7.61664E-01
