*** transform info ***
phi = 8.26745E+01
dx  = 7.67282E+00
dy  = -2.28256E+00
