*** transform info ***
phi = 1.48454E+02
dx  = 4.25460E+00
dy  = 1.81215E+00
