*** transform info ***
phi = 8.55815E+01
dx  = 2.12197E+00
dy  = -3.08501E+00
