*** transform info ***
phi = 5.07785E+01
dx  = -5.95325E+00
dy  = 2.47030E+00
