*** transform info ***
phi = 5.07643E+01
dx  = -1.00605E+00
dy  = 3.82705E+00
