*** transform info ***
phi = 1.24375E+02
dx  = -1.31653E+00
dy  = -3.40549E-01
