*** transform info ***
phi = 1.19630E+02
dx  = 3.10053E+00
dy  = 2.01293E+00
