*** transform info ***
phi = 1.74521E+01
dx  = -1.10937E+00
dy  = -4.83162E-01
