*** transform info ***
phi = 6.96998E+01
dx  = -4.10772E+00
dy  = -5.67928E+00
