*** transform info ***
phi = 1.35077E+02
dx  = 4.21787E+00
dy  = 2.75485E+00
