*** transform info ***
phi = 4.83758E+01
dx  = -1.39314E-01
dy  = 5.28353E+00
