*** transform info ***
phi = 7.02719E+00
dx  = 6.16053E+00
dy  = -1.52922E+00
