*** transform info ***
phi = 1.46447E+02
dx  = -9.28957E-01
dy  = -1.73750E+00
