*** transform info ***
phi = 3.78120E+01
dx  = 2.14261E+00
dy  = -1.90909E-01
