*** transform info ***
phi = 1.29412E+01
dx  = 4.09838E+00
dy  = -1.97255E+00
