*** transform info ***
phi = 1.78746E+02
dx  = -7.00909E+00
dy  = 2.39841E+00
