*** transform info ***
phi = 4.83865E+01
dx  = -3.23400E+00
dy  = -4.43284E+00
