*** transform info ***
phi = 1.36546E+02
dx  = -1.38016E+00
dy  = 5.72679E+00
