*** transform info ***
phi = 1.00586E+02
dx  = 5.07670E+00
dy  = -1.37522E+00
