*** transform info ***
phi = 1.76361E+02
dx  = 4.66548E+00
dy  = 4.37175E-01
