*** transform info ***
phi = 6.92046E+01
dx  = -3.24747E+00
dy  = -2.69190E+00
