*** transform info ***
phi = 8.50544E+01
dx  = -1.64908E+00
dy  = 4.76234E+00
