*** transform info ***
phi = 8.32667E+01
dx  = -3.93403E+00
dy  = -5.03092E-01
