*** transform info ***
phi = 9.85529E+01
dx  = -6.95420E+00
dy  = 1.05726E+00
