*** transform info ***
phi = 6.33626E+01
dx  = 4.76298E+00
dy  = 7.11230E+00
