*** transform info ***
phi = 5.57307E+01
dx  = -6.13110E+00
dy  = -3.06270E+00
