*** transform info ***
phi = 9.52304E+01
dx  = 2.67916E+00
dy  = 3.29901E+00
