*** transform info ***
phi = 1.39217E+02
dx  = -1.27177E+00
dy  = -5.24816E+00
