*** transform info ***
phi = 1.17406E+01
dx  = -6.70867E-01
dy  = 4.83620E-02
