*** transform info ***
phi = 4.78675E+01
dx  = 3.49490E+00
dy  = -5.24100E+00
