*** transform info ***
phi = 5.36668E+01
dx  = -2.30541E+00
dy  = 2.90175E+00
