*** transform info ***
phi = 1.76680E+02
dx  = 1.79360E+00
dy  = -2.84896E+00
