*** transform info ***
phi = 1.14903E+02
dx  = 7.10882E+00
dy  = 1.02351E+00
