*** transform info ***
phi = 1.65241E+02
dx  = -2.61092E+00
dy  = 3.66813E+00
