*** transform info ***
phi = 4.81957E+01
dx  = -3.60626E+00
dy  = -9.41521E-01
