*** transform info ***
phi = 3.06273E+01
dx  = 3.53961E+00
dy  = -9.31877E-01
