*** transform info ***
phi = 5.71288E+01
dx  = -3.11259E+00
dy  = -2.75797E+00
