*** transform info ***
phi = 1.79938E+02
dx  = -1.42416E+00
dy  = -3.01406E+00
