*** transform info ***
phi = 1.05904E+02
dx  = 1.40502E+00
dy  = -1.47659E+00
