*** transform info ***
phi = 1.43282E+02
dx  = -1.53278E+00
dy  = -8.11106E-01
