*** transform info ***
phi = 2.47997E+00
dx  = 3.28546E-01
dy  = 3.61865E+00
