*** transform info ***
phi = 1.76224E+02
dx  = 7.41746E+00
dy  = 2.87364E+00
