*** transform info ***
phi = 1.59497E+02
dx  = -4.36167E+00
dy  = 1.87209E-01
