*** transform info ***
phi = 1.04217E+02
dx  = -4.50133E+00
dy  = 3.62766E-01
