*** transform info ***
phi = 1.53264E+02
dx  = -2.65057E+00
dy  = 1.26376E+00
