*** transform info ***
phi = 1.41224E+02
dx  = 1.63227E+00
dy  = 6.30288E+00
