*** transform info ***
phi = 1.56279E+02
dx  = -1.16300E+00
dy  = 4.84356E+00
