*** transform info ***
phi = 7.27906E+01
dx  = 6.05541E+00
dy  = 3.35902E+00
