*** transform info ***
phi = 1.64686E+02
dx  = -1.41350E+00
dy  = -4.64937E+00
