*** transform info ***
phi = 1.60376E+02
dx  = -6.58539E-01
dy  = -2.66435E+00
