*** transform info ***
phi = 9.32651E+01
dx  = -7.78154E+00
dy  = -2.83334E+00
