*** transform info ***
phi = 1.81103E+00
dx  = -2.46213E-01
dy  = 3.43073E+00
