*** transform info ***
phi = 1.06046E+02
dx  = -2.88296E+00
dy  = -2.91875E+00
