*** transform info ***
phi = 3.72697E+01
dx  = 3.64817E+00
dy  = -1.87908E+00
