*** transform info ***
phi = 5.43628E+01
dx  = 4.23212E+00
dy  = -5.75802E+00
