*** transform info ***
phi = 5.77318E+01
dx  = 1.17281E+00
dy  = -4.26853E+00
