*** transform info ***
phi = 1.64538E+02
dx  = -3.16464E-01
dy  = 3.74395E+00
