*** transform info ***
phi = 1.62506E+02
dx  = -6.93545E+00
dy  = -6.27229E+00
