*** transform info ***
phi = 1.46307E+02
dx  = -7.50729E+00
dy  = 9.07576E-02
