*** transform info ***
phi = 8.10983E+01
dx  = 4.73662E+00
dy  = -3.16061E+00
