*** transform info ***
phi = 1.95545E+01
dx  = 2.12544E+00
dy  = 9.82407E-02
