*** transform info ***
phi = 8.27958E+01
dx  = -4.44112E+00
dy  = -2.61611E+00
