*** transform info ***
phi = 3.34293E+01
dx  = 4.60074E+00
dy  = -1.30477E+00
