*** transform info ***
phi = 1.03085E+02
dx  = 2.39872E+00
dy  = -2.06417E+00
