*** transform info ***
phi = 6.32647E+01
dx  = -2.27241E+00
dy  = -4.53184E-01
