*** transform info ***
phi = 8.66942E+01
dx  = -1.76445E+00
dy  = -4.18908E+00
