*** transform info ***
phi = 7.77380E+01
dx  = 2.34907E+00
dy  = 4.65740E+00
