*** transform info ***
phi = 4.40217E+00
dx  = 6.90509E+00
dy  = -2.89538E+00
