*** transform info ***
phi = 2.08711E+01
dx  = 5.20851E+00
dy  = -2.32965E+00
