*** transform info ***
phi = 1.44640E+02
dx  = 3.75764E+00
dy  = -4.22226E+00
