*** transform info ***
phi = 8.41895E+01
dx  = -1.25129E+00
dy  = -1.57015E+00
