*** transform info ***
phi = 1.45826E+02
dx  = 6.83003E+00
dy  = -2.84469E+00
