*** transform info ***
phi = 3.26445E+01
dx  = 4.39397E+00
dy  = 8.12363E-01
