*** transform info ***
phi = 1.07798E+02
dx  = -4.89049E+00
dy  = -2.05999E+00
