*** transform info ***
phi = 1.21399E+02
dx  = 2.87037E+00
dy  = 1.56341E+00
