*** transform info ***
phi = 7.74843E+01
dx  = -3.39668E+00
dy  = -4.24071E+00
