*** transform info ***
phi = 7.85542E+01
dx  = -5.65507E+00
dy  = -4.98064E+00
