*** transform info ***
phi = 4.71342E+01
dx  = 4.18407E+00
dy  = -9.97483E-01
