*** transform info ***
phi = 6.77432E+01
dx  = -7.94550E+00
dy  = -2.34043E-01
