*** transform info ***
phi = 1.66349E+02
dx  = -7.48052E+00
dy  = 3.34874E+00
