*** transform info ***
phi = 4.21861E+01
dx  = 4.11854E+00
dy  = 6.78410E-01
