*** transform info ***
phi = 2.82351E+01
dx  = 4.94983E+00
dy  = -1.81678E+00
