*** transform info ***
phi = 1.63134E+02
dx  = -6.20529E+00
dy  = -5.45979E-01
