*** transform info ***
phi = 1.37029E+02
dx  = -9.92133E-01
dy  = -4.78395E+00
