*** transform info ***
phi = 5.16732E+01
dx  = -4.21558E+00
dy  = -2.02215E+00
