*** transform info ***
phi = 6.90318E+00
dx  = 7.11156E-01
dy  = 3.39271E+00
