*** transform info ***
phi = 1.40976E+02
dx  = -3.88358E+00
dy  = -3.31292E+00
