*** transform info ***
phi = 1.47555E+02
dx  = 1.81152E+00
dy  = -4.43360E+00
