*** transform info ***
phi = 1.06432E+02
dx  = 7.87035E+00
dy  = -1.59780E+00
