*** transform info ***
phi = 1.04510E+01
dx  = 9.31464E-01
dy  = -1.62205E+00
