*** transform info ***
phi = 2.53979E+01
dx  = 1.74807E-01
dy  = -1.43562E+00
