*** transform info ***
phi = 5.38459E+01
dx  = -3.11529E-01
dy  = -5.52487E+00
