*** transform info ***
phi = 1.46723E+02
dx  = 1.10576E+00
dy  = 3.22680E+00
