*** transform info ***
phi = 1.39987E+02
dx  = -2.36599E+00
dy  = 1.74309E+00
