*** transform info ***
phi = 1.34640E+00
dx  = 9.84823E-01
dy  = 1.56785E+00
