*** transform info ***
phi = 1.41381E+02
dx  = -1.93473E+00
dy  = 7.03575E+00
