*** transform info ***
phi = 1.61240E+02
dx  = -5.96405E+00
dy  = 4.88371E+00
