*** transform info ***
phi = 7.07408E+01
dx  = 6.87502E+00
dy  = 2.08172E+00
