*** transform info ***
phi = 5.96934E+01
dx  = 8.92712E-01
dy  = 4.72684E+00
