*** transform info ***
phi = 4.61075E+01
dx  = 5.17126E-01
dy  = 3.40561E+00
