*** transform info ***
phi = 7.70850E+01
dx  = 4.20641E-01
dy  = -4.09802E+00
