*** transform info ***
phi = 9.58577E+01
dx  = 4.95985E+00
dy  = -3.81591E+00
