*** transform info ***
phi = 9.42336E+01
dx  = -4.07138E+00
dy  = 3.01311E-01
