*** transform info ***
phi = 1.02430E+02
dx  = -2.92760E+00
dy  = -3.41440E+00
