*** transform info ***
phi = 1.40232E+02
dx  = 4.89314E+00
dy  = 3.63175E+00
