*** transform info ***
phi = 1.73922E+02
dx  = 5.40828E-01
dy  = 2.12155E+00
