*** transform info ***
phi = 1.53629E+02
dx  = 1.12320E+00
dy  = -2.38556E+00
