*** transform info ***
phi = 5.10050E+01
dx  = -2.23783E+00
dy  = 7.46703E+00
