*** transform info ***
phi = 5.49999E+01
dx  = 4.34731E+00
dy  = -2.33719E+00
