*** transform info ***
phi = 1.64873E+02
dx  = 5.73049E+00
dy  = 7.25796E-01
