*** transform info ***
phi = 7.21797E+01
dx  = -7.80595E+00
dy  = 2.29168E-01
