*** transform info ***
phi = 6.90448E+01
dx  = 4.33076E+00
dy  = -1.43149E+00
