*** transform info ***
phi = 1.70053E+02
dx  = -2.13977E+00
dy  = 3.71631E+00
