*** transform info ***
phi = 7.32620E+01
dx  = -1.40001E+00
dy  = -8.12276E-01
