*** transform info ***
phi = 9.33651E+01
dx  = -7.27297E+00
dy  = -1.67418E+00
