*** transform info ***
phi = 3.95725E+01
dx  = -1.40474E+00
dy  = 9.30998E-01
