*** transform info ***
phi = 7.19752E+01
dx  = 2.47770E+00
dy  = -3.99982E-01
