*** transform info ***
phi = 1.06172E+02
dx  = -1.68696E+00
dy  = 5.12217E-01
