*** transform info ***
phi = 1.77032E+01
dx  = 1.26104E+00
dy  = -2.54732E+00
