*** transform info ***
phi = 6.71751E+01
dx  = 6.61407E+00
dy  = 5.39881E+00
