*** transform info ***
phi = 1.50128E+02
dx  = 1.33986E+00
dy  = 3.44222E+00
