*** transform info ***
phi = 1.70760E+02
dx  = -7.19378E+00
dy  = 4.21338E+00
