*** transform info ***
phi = 1.15466E+02
dx  = -4.13485E+00
dy  = 1.94772E+00
