*** transform info ***
phi = 1.55025E+02
dx  = -6.90088E+00
dy  = -5.45870E+00
