*** transform info ***
phi = 8.06632E+01
dx  = -4.50360E+00
dy  = 4.85765E+00
