*** transform info ***
phi = 1.37559E+02
dx  = 5.11067E-01
dy  = 7.60008E+00
