*** transform info ***
phi = 1.09728E+02
dx  = -3.72925E+00
dy  = -1.68758E+00
