*** transform info ***
phi = 1.66984E+02
dx  = -7.85037E+00
dy  = 2.53862E+00
