*** transform info ***
phi = 1.76868E+02
dx  = 4.16201E+00
dy  = 8.39576E-01
