*** transform info ***
phi = 1.69897E+01
dx  = 4.78109E+00
dy  = 6.01099E-01
