*** transform info ***
phi = 8.10198E+01
dx  = 3.90737E-01
dy  = -1.86764E+00
