*** transform info ***
phi = 1.27047E+01
dx  = 6.13073E+00
dy  = 2.84889E+00
