*** transform info ***
phi = 5.54943E+01
dx  = 6.09968E+00
dy  = -5.03923E-01
