*** transform info ***
phi = 1.79632E+02
dx  = 2.92397E+00
dy  = 2.45804E+00
