*** transform info ***
phi = 9.84922E+01
dx  = 2.77420E-01
dy  = -1.14327E+00
