*** transform info ***
phi = 6.68305E+01
dx  = 1.64226E-01
dy  = -4.19543E+00
