*** transform info ***
phi = 3.47965E+01
dx  = -1.25094E+00
dy  = -4.28175E+00
