*** transform info ***
phi = 3.52812E+01
dx  = 1.54128E+00
dy  = -1.18477E+00
