*** transform info ***
phi = 1.36654E+02
dx  = 7.86827E-01
dy  = -3.33879E+00
