*** transform info ***
phi = 1.51180E+02
dx  = -5.13647E+00
dy  = 6.43165E+00
