*** transform info ***
phi = 9.40875E+01
dx  = 4.82299E+00
dy  = 2.43703E+00
