*** transform info ***
phi = 2.90271E+01
dx  = 1.93524E+00
dy  = -1.23275E+00
