*** transform info ***
phi = 1.90817E+01
dx  = -6.66999E-02
dy  = -2.07575E+00
