*** transform info ***
phi = 1.17096E+02
dx  = 1.19536E+00
dy  = 1.88763E+00
