*** transform info ***
phi = 3.19441E+01
dx  = -2.79859E+00
dy  = -2.94288E+00
