*** transform info ***
phi = 7.99033E+01
dx  = -2.94343E+00
dy  = 4.71049E+00
