*** transform info ***
phi = 1.48563E+02
dx  = 7.06534E+00
dy  = 3.02658E+00
