*** transform info ***
phi = 8.30585E+00
dx  = -2.25008E+00
dy  = 4.23357E-02
