*** transform info ***
phi = 6.04327E+01
dx  = -5.31507E+00
dy  = 5.25821E+00
