*** transform info ***
phi = 8.26794E+01
dx  = 4.57480E+00
dy  = -2.90209E+00
