*** transform info ***
phi = 4.87550E+01
dx  = 4.06186E+00
dy  = 5.29636E-01
