*** transform info ***
phi = 1.11084E+02
dx  = -2.78507E+00
dy  = -9.21302E-01
