*** transform info ***
phi = 5.96848E+01
dx  = -3.35395E+00
dy  = -1.43788E-01
