*** transform info ***
phi = 4.89565E+00
dx  = -7.13502E+00
dy  = 2.79324E+00
