*** transform info ***
phi = 1.54880E+02
dx  = 2.90680E+00
dy  = -2.70808E+00
