*** transform info ***
phi = 1.26317E+02
dx  = 1.09268E+00
dy  = -3.12356E+00
