*** transform info ***
phi = 2.54069E+00
dx  = -3.98327E+00
dy  = 1.51815E+00
