*** transform info ***
phi = 1.50363E+02
dx  = -6.71616E+00
dy  = -3.97636E+00
