*** transform info ***
phi = 2.07010E+00
dx  = 2.03064E-01
dy  = 9.59811E-02
