*** transform info ***
phi = 8.87530E+01
dx  = -3.45303E+00
dy  = 1.49134E+00
