*** transform info ***
phi = 1.41250E+02
dx  = 8.56112E-01
dy  = -6.33443E+00
