*** transform info ***
phi = 9.78890E+00
dx  = -4.78007E+00
dy  = 7.57453E-01
