*** transform info ***
phi = 1.59622E+02
dx  = 2.75738E+00
dy  = 4.36224E+00
