*** transform info ***
phi = 2.11861E+01
dx  = 5.01431E+00
dy  = -1.01304E+00
