*** transform info ***
phi = 7.64376E+00
dx  = 5.64226E+00
dy  = -1.84798E+00
