*** transform info ***
phi = 1.38182E+02
dx  = -1.06765E+00
dy  = 5.40413E+00
