*** transform info ***
phi = 9.89073E+01
dx  = -3.38346E+00
dy  = -1.83847E+00
