*** transform info ***
phi = 1.33640E+02
dx  = 6.24711E-01
dy  = -1.24778E+00
