*** transform info ***
phi = 4.24354E+01
dx  = -1.35746E+00
dy  = -1.57257E+00
