*** transform info ***
phi = 1.36748E+02
dx  = 2.55747E+00
dy  = 4.87490E+00
