*** transform info ***
phi = 4.37293E+01
dx  = 1.29533E+00
dy  = 3.06986E+00
