*** transform info ***
phi = 6.01434E+01
dx  = 5.52402E+00
dy  = -2.54297E+00
