*** transform info ***
phi = 6.27004E+01
dx  = 4.00096E+00
dy  = 2.87091E+00
