*** transform info ***
phi = 1.50947E+02
dx  = -3.47102E+00
dy  = 5.33227E+00
