*** transform info ***
phi = 5.16371E+01
dx  = -6.98817E+00
dy  = 8.61215E-01
