*** transform info ***
phi = 6.74628E+01
dx  = -6.40878E+00
dy  = 4.77201E+00
