*** transform info ***
phi = 8.03788E+01
dx  = -5.40278E+00
dy  = -3.56667E+00
