*** transform info ***
phi = 4.60159E+01
dx  = -7.54512E+00
dy  = 7.45999E-01
