*** transform info ***
phi = 1.75699E+02
dx  = 2.29190E+00
dy  = -7.75515E-01
