*** transform info ***
phi = 9.37062E+01
dx  = -2.30395E+00
dy  = -1.40165E-01
