*** transform info ***
phi = 9.50835E+01
dx  = -3.56786E+00
dy  = 1.62730E+00
