*** transform info ***
phi = 1.45751E+02
dx  = -2.31538E+00
dy  = 4.26417E+00
