*** transform info ***
phi = 5.77712E+01
dx  = -4.37703E+00
dy  = 2.66742E+00
