*** transform info ***
phi = 8.49686E+01
dx  = 8.38127E-01
dy  = -2.16846E+00
