*** transform info ***
phi = 9.14502E+01
dx  = 3.09885E+00
dy  = 4.70901E+00
