*** transform info ***
phi = 5.98324E+01
dx  = -5.63137E+00
dy  = -1.98777E+00
