*** transform info ***
phi = 5.28910E+01
dx  = -5.75699E+00
dy  = 2.42352E+00
