*** transform info ***
phi = 6.53829E+01
dx  = -5.85354E+00
dy  = 3.28922E+00
