*** transform info ***
phi = 1.79630E+02
dx  = 4.08707E+00
dy  = 4.77118E+00
