*** transform info ***
phi = 1.16395E+02
dx  = -4.71419E+00
dy  = -1.91416E+00
