*** transform info ***
phi = 1.52146E+02
dx  = 6.85973E+00
dy  = 1.16318E-01
