*** transform info ***
phi = 1.12928E+02
dx  = -7.14402E+00
dy  = -1.32282E+00
