*** transform info ***
phi = 5.48741E+01
dx  = 2.53668E+00
dy  = -6.43731E+00
