*** transform info ***
phi = 7.97398E+01
dx  = -3.83043E+00
dy  = -4.04821E-01
