*** transform info ***
phi = 7.63760E+01
dx  = -9.04323E-01
dy  = -1.34510E+00
