*** transform info ***
phi = 1.60678E+02
dx  = -4.91519E+00
dy  = -3.23409E+00
