*** transform info ***
phi = 7.45295E+01
dx  = 7.15551E+00
dy  = -5.47636E+00
