*** transform info ***
phi = 6.91567E+01
dx  = 6.57022E+00
dy  = -6.82355E+00
