*** transform info ***
phi = 9.20740E+01
dx  = -5.99251E+00
dy  = -3.73194E+00
