*** transform info ***
phi = 1.69323E+02
dx  = 6.03013E+00
dy  = -1.71810E+00
