*** transform info ***
phi = 8.14474E+01
dx  = -4.40157E-01
dy  = 1.93538E+00
