*** transform info ***
phi = 1.61887E+02
dx  = -1.70258E+00
dy  = 1.36436E+00
