*** transform info ***
phi = 1.37947E+02
dx  = -8.02172E-01
dy  = 7.13288E+00
