*** transform info ***
phi = 1.45523E+02
dx  = -4.64979E+00
dy  = 6.06151E+00
