*** transform info ***
phi = 1.44921E+02
dx  = -2.40218E+00
dy  = 5.99474E+00
