*** transform info ***
phi = 1.54475E+02
dx  = 3.84699E+00
dy  = 4.43992E+00
