*** transform info ***
phi = 2.34136E+01
dx  = 8.38441E-01
dy  = 1.98048E+00
