*** transform info ***
phi = 6.43897E+01
dx  = 5.87669E-01
dy  = -4.82510E+00
