*** transform info ***
phi = 6.84673E+01
dx  = -2.56821E+00
dy  = 3.77868E+00
