*** transform info ***
phi = 1.45934E+02
dx  = -3.27338E+00
dy  = 6.50309E+00
