*** transform info ***
phi = 1.53695E+02
dx  = 3.85070E+00
dy  = -1.25636E+00
