*** transform info ***
phi = 5.99873E+01
dx  = -2.98601E+00
dy  = 6.40642E+00
