*** transform info ***
phi = 3.52718E+01
dx  = -3.41198E+00
dy  = -2.28801E+00
