*** transform info ***
phi = 8.63463E+01
dx  = -6.98983E+00
dy  = -1.07992E+00
