*** transform info ***
phi = 3.77858E+01
dx  = -6.98293E-01
dy  = 4.05641E+00
