*** transform info ***
phi = 9.45103E+01
dx  = 3.00650E+00
dy  = -3.46154E+00
