*** transform info ***
phi = 1.37088E+02
dx  = -6.07526E+00
dy  = -2.15284E-01
