*** transform info ***
phi = 1.77688E+02
dx  = 4.71341E+00
dy  = -2.89448E+00
