*** transform info ***
phi = 1.40532E+02
dx  = 1.44692E+00
dy  = -2.89888E+00
