*** transform info ***
phi = 1.52124E+02
dx  = -3.99415E+00
dy  = 2.23251E+00
