*** transform info ***
phi = 1.50089E+02
dx  = 3.82978E+00
dy  = -5.83007E+00
