*** transform info ***
phi = 6.57991E+01
dx  = -6.92885E+00
dy  = 1.84202E+00
