*** transform info ***
phi = 5.63187E+01
dx  = -1.90616E+00
dy  = 1.99356E+00
