*** transform info ***
phi = 1.43112E+02
dx  = 6.19410E+00
dy  = 3.28343E+00
