*** transform info ***
phi = 1.61735E+02
dx  = 3.38211E+00
dy  = -2.26667E+00
