*** transform info ***
phi = 3.55194E+01
dx  = -1.62806E+00
dy  = 4.82340E+00
