*** transform info ***
phi = 6.60689E+01
dx  = -7.00882E+00
dy  = -5.80459E+00
