*** transform info ***
phi = 1.08785E+02
dx  = -3.06559E+00
dy  = 1.51884E+00
