*** transform info ***
phi = 1.50767E+02
dx  = 5.26414E+00
dy  = -4.20154E+00
