*** transform info ***
phi = 1.77017E+02
dx  = 5.81908E+00
dy  = 1.55889E+00
