*** transform info ***
phi = 6.70943E+01
dx  = -3.16457E+00
dy  = -3.03309E+00
