*** transform info ***
phi = 1.01843E+02
dx  = 5.62216E+00
dy  = 2.56688E+00
