*** transform info ***
phi = 1.53123E+02
dx  = 5.76429E+00
dy  = -5.02830E+00
