*** transform info ***
phi = 1.61987E+02
dx  = 2.85319E+00
dy  = -4.80186E+00
