*** transform info ***
phi = 1.33473E+02
dx  = -1.69437E+00
dy  = -5.82476E+00
