*** transform info ***
phi = 1.72476E+02
dx  = 7.02906E+00
dy  = -1.26569E+00
