*** transform info ***
phi = 1.10831E+02
dx  = -5.80929E+00
dy  = 1.38077E+00
