*** transform info ***
phi = 7.76741E+01
dx  = 2.34216E+00
dy  = 3.47799E+00
