*** transform info ***
phi = 1.43515E+02
dx  = -6.93916E+00
dy  = 1.58489E+00
