*** transform info ***
phi = 9.37687E+01
dx  = 5.10290E+00
dy  = -2.26357E+00
