*** transform info ***
phi = 3.55926E+01
dx  = -4.43170E-01
dy  = -2.99110E+00
