*** transform info ***
phi = 1.55007E+02
dx  = -5.42234E+00
dy  = 1.18982E+00
