*** transform info ***
phi = 2.41387E+00
dx  = -7.61882E-01
dy  = -3.69896E+00
