*** transform info ***
phi = 6.67800E+01
dx  = -3.40611E+00
dy  = -1.87966E+00
