*** transform info ***
phi = 5.96633E+01
dx  = 1.32580E+00
dy  = -4.01602E+00
