*** transform info ***
phi = 1.40533E+01
dx  = -4.67377E-01
dy  = -3.90496E-01
