*** transform info ***
phi = 1.25962E+02
dx  = -3.53624E+00
dy  = 1.47095E-02
