*** transform info ***
phi = 1.10705E+02
dx  = 1.85924E+00
dy  = -1.99403E+00
