*** transform info ***
phi = 1.16201E+02
dx  = 1.32900E+00
dy  = -3.13388E+00
