*** transform info ***
phi = 1.71152E+02
dx  = -4.26846E+00
dy  = 4.58289E+00
