*** transform info ***
phi = 4.50211E+01
dx  = 4.89818E+00
dy  = -9.09859E-01
