*** transform info ***
phi = 4.68652E+01
dx  = 2.91347E+00
dy  = 5.73468E+00
