*** transform info ***
phi = 3.86727E+00
dx  = -8.74517E-01
dy  = 3.55956E+00
