*** transform info ***
phi = 1.32579E+02
dx  = 3.99789E+00
dy  = 1.70307E+00
