*** transform info ***
phi = 8.28218E+01
dx  = -3.07937E+00
dy  = 3.74722E+00
