*** transform info ***
phi = 1.59231E+02
dx  = -2.37866E+00
dy  = 2.96717E+00
