*** transform info ***
phi = 1.55719E+02
dx  = -3.71720E+00
dy  = 1.76378E+00
