*** transform info ***
phi = 8.38158E+01
dx  = 5.21984E+00
dy  = 4.24314E+00
