*** transform info ***
phi = 1.34920E+01
dx  = -5.91504E+00
dy  = -5.47513E-01
