*** transform info ***
phi = 2.61041E+01
dx  = -3.38416E+00
dy  = 3.05056E+00
