*** transform info ***
phi = 1.55077E+01
dx  = -6.69551E+00
dy  = 1.82695E+00
