*** transform info ***
phi = 9.79825E+01
dx  = -2.47854E+00
dy  = -8.09280E-01
