*** transform info ***
phi = 2.54321E+01
dx  = 3.53884E+00
dy  = 1.19843E+00
