*** transform info ***
phi = 2.01603E+00
dx  = 3.68961E+00
dy  = 2.34457E+00
