*** transform info ***
phi = 6.46681E+01
dx  = 6.02752E+00
dy  = 5.11111E+00
