*** transform info ***
phi = 4.27024E+01
dx  = -1.96428E-01
dy  = 3.66473E-02
