*** transform info ***
phi = 1.73366E+02
dx  = -7.58759E+00
dy  = 2.41826E+00
