*** transform info ***
phi = 1.72234E+02
dx  = -1.82978E+00
dy  = 2.09267E+00
