*** transform info ***
phi = 6.99051E+01
dx  = -6.51981E+00
dy  = 7.34552E-01
