*** transform info ***
phi = 5.13318E+01
dx  = -3.12897E+00
dy  = 2.48810E+00
