*** transform info ***
phi = 8.26411E+01
dx  = 5.08762E+00
dy  = -4.89446E+00
