*** transform info ***
phi = 6.49037E+01
dx  = 2.16376E+00
dy  = -3.81701E-01
