*** transform info ***
phi = 9.29510E+01
dx  = -3.09387E+00
dy  = -1.49010E+00
