*** transform info ***
phi = 1.73346E+02
dx  = 2.23949E+00
dy  = 9.72745E-01
