*** transform info ***
phi = 2.89163E+01
dx  = 5.03898E+00
dy  = 1.08708E+00
