*** transform info ***
phi = 5.20240E+01
dx  = -2.92964E+00
dy  = -2.65548E+00
