*** transform info ***
phi = 1.74473E+02
dx  = 2.76007E+00
dy  = 3.87186E+00
