*** transform info ***
phi = 7.13656E+01
dx  = 4.27819E+00
dy  = -5.29048E+00
