*** transform info ***
phi = 1.79495E+02
dx  = -2.17993E+00
dy  = 1.95861E+00
