*** transform info ***
phi = 1.15986E+00
dx  = 1.06050E+00
dy  = 3.89406E+00
