*** transform info ***
phi = 1.61163E+02
dx  = 6.07932E+00
dy  = 4.23949E+00
