*** transform info ***
phi = 9.09709E+01
dx  = 1.91760E+00
dy  = 7.21477E-01
