*** transform info ***
phi = 1.03745E+02
dx  = 1.41280E+00
dy  = 3.90596E+00
