*** transform info ***
phi = 1.32142E+02
dx  = 7.92253E-01
dy  = 1.35203E+00
