*** transform info ***
phi = 6.09824E+01
dx  = -6.64313E+00
dy  = -2.91046E+00
