*** transform info ***
phi = 1.78990E+02
dx  = 2.54273E+00
dy  = -2.75398E+00
