*** transform info ***
phi = 6.18884E+01
dx  = 6.20988E+00
dy  = 4.35881E+00
