*** transform info ***
phi = 1.48076E+02
dx  = 3.34106E+00
dy  = -6.57951E+00
