*** transform info ***
phi = 4.01259E+01
dx  = 3.71189E+00
dy  = 1.77571E-01
