*** transform info ***
phi = 3.63491E+01
dx  = -2.10245E+00
dy  = 3.81962E+00
