*** transform info ***
phi = 1.33353E+02
dx  = 5.78951E+00
dy  = -1.48126E+00
