*** transform info ***
phi = 1.72927E+01
dx  = 2.76803E-01
dy  = 3.61951E+00
