*** transform info ***
phi = 8.91206E+01
dx  = -7.75294E+00
dy  = -3.41299E+00
