*** transform info ***
phi = 8.50949E+01
dx  = -1.60403E+00
dy  = 3.59918E+00
