*** transform info ***
phi = 2.05899E+01
dx  = -4.57890E+00
dy  = 1.03497E+00
