*** transform info ***
phi = 1.27127E+02
dx  = -5.17143E+00
dy  = 1.21504E+00
