*** transform info ***
phi = 9.48481E+01
dx  = 3.55775E+00
dy  = -1.66849E+00
