*** transform info ***
phi = 4.39085E+00
dx  = -8.40276E-02
dy  = -3.63367E+00
