*** transform info ***
phi = 1.43032E+02
dx  = 3.34262E+00
dy  = 2.82250E+00
