*** transform info ***
phi = 1.70466E+02
dx  = -7.46987E+00
dy  = -5.59959E+00
