*** transform info ***
phi = 1.52786E+02
dx  = 5.30057E+00
dy  = 4.96308E+00
