*** transform info ***
phi = 1.06593E+02
dx  = -1.88424E+00
dy  = -1.41659E+00
