*** transform info ***
phi = 5.61566E+01
dx  = 4.01974E+00
dy  = -3.22004E+00
