*** transform info ***
phi = 1.01081E+02
dx  = -4.34040E-01
dy  = 3.89316E+00
