*** transform info ***
phi = 1.59541E+02
dx  = -6.44493E+00
dy  = -1.86083E+00
