*** transform info ***
phi = 1.15613E+01
dx  = -4.10419E-02
dy  = 3.12434E+00
