*** transform info ***
phi = 5.56556E+01
dx  = -7.76789E+00
dy  = 2.35489E-01
