*** transform info ***
phi = 5.08164E+01
dx  = 2.23333E+00
dy  = -6.38898E+00
