*** transform info ***
phi = 1.16352E+02
dx  = 2.82703E+00
dy  = 1.75870E+00
