*** transform info ***
phi = 5.21834E+01
dx  = 5.02282E+00
dy  = -7.07123E-01
