*** transform info ***
phi = 8.66951E+00
dx  = -4.05286E+00
dy  = -1.85110E+00
