*** transform info ***
phi = 1.41251E+02
dx  = 5.28637E+00
dy  = 2.87839E+00
