*** transform info ***
phi = 1.47406E+02
dx  = 4.09277E-01
dy  = 8.41048E-01
