*** transform info ***
phi = 9.81429E+01
dx  = -5.40994E+00
dy  = -1.52689E+00
