*** transform info ***
phi = 1.12755E+02
dx  = 3.59069E+00
dy  = -2.08261E-01
