*** transform info ***
phi = 9.71468E+00
dx  = -5.85751E+00
dy  = 9.02196E-01
