*** transform info ***
phi = 7.04879E+01
dx  = 5.57582E+00
dy  = -1.14863E+00
