*** transform info ***
phi = 1.12262E+02
dx  = -1.07238E+00
dy  = -2.44046E+00
