*** transform info ***
phi = 8.56561E+01
dx  = -5.05011E+00
dy  = -2.27603E+00
