*** transform info ***
phi = 7.77042E+01
dx  = 2.75136E-01
dy  = -2.91254E+00
