*** transform info ***
phi = 1.53190E+02
dx  = -3.54683E+00
dy  = -1.40221E+00
