*** transform info ***
phi = 1.44916E+02
dx  = 1.47749E+00
dy  = 1.13347E+00
