*** transform info ***
phi = 1.79861E+02
dx  = 3.76521E-01
dy  = -5.63121E-01
