*** transform info ***
phi = 7.07257E+01
dx  = -6.35398E+00
dy  = -7.31470E-02
