*** transform info ***
phi = 5.82556E+01
dx  = -4.44290E+00
dy  = -4.33362E+00
