*** transform info ***
phi = 1.50510E-01
dx  = 6.71337E+00
dy  = -2.05361E+00
