*** transform info ***
phi = 1.56670E+02
dx  = 1.67869E+00
dy  = -4.45936E+00
