*** transform info ***
phi = 1.61242E+02
dx  = -6.63702E+00
dy  = -4.76172E+00
