*** transform info ***
phi = 5.93856E+01
dx  = 1.29584E+00
dy  = 1.57708E+00
