*** transform info ***
phi = 1.02420E+02
dx  = 2.72631E+00
dy  = 3.46754E+00
