*** transform info ***
phi = 1.65683E+02
dx  = -1.52682E+00
dy  = -3.59298E+00
