*** transform info ***
phi = 3.81310E+00
dx  = -7.43821E+00
dy  = 1.06797E+00
