*** transform info ***
phi = 6.54882E+01
dx  = 5.47273E+00
dy  = 7.05628E+00
