*** transform info ***
phi = 1.36883E+01
dx  = 5.60858E+00
dy  = 1.58889E+00
