*** transform info ***
phi = 7.52283E+01
dx  = 3.63976E-01
dy  = -2.94758E+00
