*** transform info ***
phi = 1.26174E+02
dx  = -5.19415E+00
dy  = 1.03090E+00
