*** transform info ***
phi = 2.91102E+01
dx  = -4.93961E+00
dy  = -4.76544E-01
