*** transform info ***
phi = 4.80666E+01
dx  = -1.37110E+00
dy  = 5.50977E+00
