*** transform info ***
phi = 4.29883E+01
dx  = -1.91214E+00
dy  = 1.40761E-01
