*** transform info ***
phi = 1.13388E+02
dx  = -6.28279E+00
dy  = -1.48870E+00
