*** transform info ***
phi = 1.34871E+02
dx  = 7.75734E-01
dy  = -1.91912E+00
