*** transform info ***
phi = 7.69004E+01
dx  = 3.28486E+00
dy  = -3.61226E+00
