*** transform info ***
phi = 1.59798E+02
dx  = 6.17737E+00
dy  = -1.55443E+00
