*** transform info ***
phi = 8.78943E+01
dx  = 2.91373E+00
dy  = 2.73500E+00
