*** transform info ***
phi = 1.10687E+02
dx  = 6.61788E+00
dy  = 1.49654E+00
