*** transform info ***
phi = 6.51621E-03
dx  = 7.34651E+00
dy  = -4.04939E+00
