*** transform info ***
phi = 1.39131E+02
dx  = 3.89795E+00
dy  = -2.48492E+00
