*** transform info ***
phi = 1.73412E+02
dx  = -1.68721E+00
dy  = -8.96189E-01
