*** transform info ***
phi = 1.58788E+02
dx  = 2.39698E+00
dy  = 1.09794E+00
