*** transform info ***
phi = 1.57452E+02
dx  = 3.17172E+00
dy  = 3.95634E+00
