*** transform info ***
phi = 1.54046E+02
dx  = -5.61360E+00
dy  = 3.38796E+00
