*** transform info ***
phi = 4.37916E+01
dx  = -1.57710E+00
dy  = 3.98951E+00
