*** transform info ***
phi = 1.50072E+02
dx  = 3.67017E+00
dy  = 3.49357E+00
