*** transform info ***
phi = 1.00859E+02
dx  = -4.26516E+00
dy  = -8.58535E-01
