*** transform info ***
phi = 7.24152E+01
dx  = 1.16250E+00
dy  = 3.57173E+00
