*** transform info ***
phi = 1.63608E+02
dx  = 3.26771E+00
dy  = 2.71892E+00
