*** transform info ***
phi = 1.62997E+02
dx  = 5.64080E+00
dy  = 4.45444E+00
