*** transform info ***
phi = 6.87971E+01
dx  = 2.57883E+00
dy  = -6.97629E-01
