*** transform info ***
phi = 5.82012E+01
dx  = 4.10447E+00
dy  = 2.11239E+00
