*** transform info ***
phi = 9.99109E+01
dx  = 7.00809E+00
dy  = 1.61834E+00
