*** transform info ***
phi = 1.01443E+02
dx  = -5.57077E+00
dy  = -5.63329E-01
