*** transform info ***
phi = 1.44897E+02
dx  = -7.62047E+00
dy  = 1.67766E+00
