*** transform info ***
phi = 2.00222E+01
dx  = 1.45980E-01
dy  = 2.86392E+00
