*** transform info ***
phi = 9.24740E+01
dx  = 1.00751E+00
dy  = -6.88663E-01
