*** transform info ***
phi = 1.33823E+02
dx  = 4.37170E-01
dy  = 1.88341E+00
