*** transform info ***
phi = 4.74688E+01
dx  = 4.24017E+00
dy  = -3.84115E-01
