*** transform info ***
phi = 8.77933E+01
dx  = -4.00091E+00
dy  = 2.80822E+00
