*** transform info ***
phi = 1.20072E+02
dx  = -4.57861E+00
dy  = 7.46696E-01
