*** transform info ***
phi = 8.52369E+01
dx  = -6.56840E+00
dy  = 5.17567E+00
