*** transform info ***
phi = 1.58844E+02
dx  = 1.78090E+00
dy  = -1.08550E+00
