*** transform info ***
phi = 4.30622E+01
dx  = -9.92092E-01
dy  = 2.39897E-01
