*** transform info ***
phi = 5.58539E+01
dx  = 4.71941E+00
dy  = -2.92970E+00
