*** transform info ***
phi = 6.74948E+01
dx  = 7.89137E+00
dy  = 5.78398E+00
