*** transform info ***
phi = 2.93077E+01
dx  = -4.59201E+00
dy  = -1.54314E+00
