*** transform info ***
phi = 1.63916E+02
dx  = -1.54356E+00
dy  = 4.88048E-01
