*** transform info ***
phi = 1.58867E+02
dx  = 6.99441E+00
dy  = 1.78932E-02
