*** transform info ***
phi = 7.11548E+01
dx  = 2.57923E+00
dy  = 5.03803E+00
