*** transform info ***
phi = 4.76767E+01
dx  = -3.92655E+00
dy  = -2.78290E+00
