*** transform info ***
phi = 1.05627E+02
dx  = -6.09974E+00
dy  = -2.56881E+00
