*** transform info ***
phi = 5.01150E+01
dx  = -2.22405E+00
dy  = -4.39538E+00
