*** transform info ***
phi = 1.35687E+02
dx  = -3.80280E-02
dy  = 3.64135E-01
