*** transform info ***
phi = 4.88250E+01
dx  = 5.42607E-01
dy  = -6.33720E+00
