*** transform info ***
phi = 8.37188E+01
dx  = -6.76394E+00
dy  = -5.19356E+00
