*** transform info ***
phi = 6.79295E+01
dx  = 2.93348E+00
dy  = 1.63294E+00
