*** transform info ***
phi = 7.38473E+01
dx  = 5.53018E+00
dy  = -4.65389E-01
