*** transform info ***
phi = 9.78412E+01
dx  = 7.01865E+00
dy  = -5.30684E-01
