*** transform info ***
phi = 1.31769E+02
dx  = 3.18349E+00
dy  = 1.21792E+00
