*** transform info ***
phi = 7.34621E+01
dx  = -9.27085E-01
dy  = 7.53558E-01
