*** transform info ***
phi = 4.92479E+01
dx  = -2.46538E+00
dy  = -1.95011E+00
