*** transform info ***
phi = 5.17317E+01
dx  = -2.01780E+00
dy  = -1.08697E+00
