*** transform info ***
phi = 6.70070E+01
dx  = 1.57354E+00
dy  = 3.84182E+00
