*** transform info ***
phi = 1.71003E+02
dx  = 4.34279E+00
dy  = -4.19425E+00
