*** transform info ***
phi = 9.05264E+01
dx  = 4.61920E+00
dy  = -6.17559E-01
