*** transform info ***
phi = 8.99573E+01
dx  = 2.21691E+00
dy  = 4.31470E+00
