*** transform info ***
phi = 1.73522E+02
dx  = 9.91220E-01
dy  = 2.53049E+00
