*** transform info ***
phi = 5.35358E+01
dx  = 1.52137E+00
dy  = 1.01501E+00
