*** transform info ***
phi = 1.12624E+02
dx  = -9.20864E-01
dy  = 1.31972E+00
