*** transform info ***
phi = 5.00839E+01
dx  = -6.87913E+00
dy  = -1.93892E-02
