*** transform info ***
phi = 1.42642E+02
dx  = 1.34650E+00
dy  = -2.73806E+00
