*** transform info ***
phi = 1.72637E+02
dx  = -7.74060E+00
dy  = -4.49522E-01
