*** transform info ***
phi = 1.20444E+02
dx  = -4.31004E+00
dy  = 9.22307E-01
