*** transform info ***
phi = 1.39357E+02
dx  = -2.15680E+00
dy  = 4.03797E+00
