*** transform info ***
phi = 1.09974E+02
dx  = -1.08089E+00
dy  = 1.04964E+00
