*** transform info ***
phi = 8.06915E+01
dx  = -2.48805E+00
dy  = -1.94229E+00
