*** transform info ***
phi = 1.45229E+02
dx  = 3.86714E+00
dy  = 2.46707E-01
