*** transform info ***
phi = 8.93399E+01
dx  = -5.62087E+00
dy  = -2.08676E+00
