*** transform info ***
phi = 1.49681E+02
dx  = 3.91392E+00
dy  = 4.45478E+00
