*** transform info ***
phi = 4.19363E+01
dx  = -7.71288E+00
dy  = 1.85151E-02
