*** transform info ***
phi = 5.50890E+01
dx  = 2.47379E+00
dy  = 1.30129E+00
