*** transform info ***
phi = 1.43533E+02
dx  = 3.14705E+00
dy  = 4.64751E+00
