*** transform info ***
phi = 1.30282E+02
dx  = 4.12951E+00
dy  = -1.60056E+00
