*** transform info ***
phi = 1.73713E+02
dx  = 2.83844E+00
dy  = 1.74817E+00
