*** transform info ***
phi = 1.00878E+02
dx  = -3.32134E+00
dy  = -1.33568E+00
