*** transform info ***
phi = 1.76438E+02
dx  = 5.02842E+00
dy  = 1.31849E+00
