*** transform info ***
phi = 1.60779E+02
dx  = 3.02705E+00
dy  = -4.07718E+00
