*** transform info ***
phi = 5.64087E+01
dx  = 4.62614E+00
dy  = -4.89168E+00
