*** transform info ***
phi = 5.65775E+01
dx  = -5.49682E+00
dy  = -1.97112E+00
