*** transform info ***
phi = 6.69354E+01
dx  = -3.26500E+00
dy  = 5.46573E+00
