*** transform info ***
phi = 1.00635E+02
dx  = 3.88063E+00
dy  = -6.59513E-01
