*** transform info ***
phi = 5.16364E+01
dx  = -9.53578E-01
dy  = -3.80204E+00
