*** transform info ***
phi = 5.76318E+01
dx  = 1.38543E+00
dy  = 1.72801E+00
