*** transform info ***
phi = 1.72655E+02
dx  = 4.63977E+00
dy  = -1.00189E+00
