*** transform info ***
phi = 8.43372E+01
dx  = -5.79682E+00
dy  = 1.79798E+00
