*** transform info ***
phi = 1.72407E+02
dx  = -5.69250E+00
dy  = -3.19925E+00
