*** transform info ***
phi = 1.14522E+02
dx  = -2.55659E+00
dy  = 3.08177E+00
