*** transform info ***
phi = 1.21906E+02
dx  = -2.06153E-01
dy  = -2.95858E-01
