*** transform info ***
phi = 2.42110E+01
dx  = 4.74912E+00
dy  = 1.50773E+00
