*** transform info ***
phi = 4.67797E+01
dx  = 4.56468E-01
dy  = -5.81719E+00
