*** transform info ***
phi = 1.26877E+02
dx  = -1.41056E+00
dy  = -1.54143E+00
