*** transform info ***
phi = 1.28676E+02
dx  = 4.56793E+00
dy  = 2.34973E+00
