*** transform info ***
phi = 7.11569E+01
dx  = 4.65742E+00
dy  = 2.58016E+00
