*** transform info ***
phi = 7.77286E+01
dx  = -6.86582E+00
dy  = -3.31066E+00
