*** transform info ***
phi = 3.90218E+01
dx  = -3.00738E-01
dy  = 1.93925E+00
