*** transform info ***
phi = 1.59355E+02
dx  = 5.33958E+00
dy  = 1.90437E+00
