*** transform info ***
phi = 1.03052E+02
dx  = 5.77332E+00
dy  = 7.10621E-01
