*** transform info ***
phi = 1.61146E+02
dx  = -7.37676E+00
dy  = 5.43734E+00
