*** transform info ***
phi = 7.99603E+01
dx  = -1.62818E+00
dy  = -1.07157E+00
