*** transform info ***
phi = 7.50770E+01
dx  = -2.19804E+00
dy  = -4.30897E+00
