*** transform info ***
phi = 1.79281E+02
dx  = 4.49471E+00
dy  = 1.37498E+00
