*** transform info ***
phi = 1.66775E+02
dx  = -1.83273E+00
dy  = -2.01690E+00
