*** transform info ***
phi = 1.72617E+02
dx  = -4.89429E+00
dy  = 4.64406E+00
