*** transform info ***
phi = 1.73986E+02
dx  = -3.24098E+00
dy  = -3.84541E+00
