*** transform info ***
phi = 8.71530E+01
dx  = 1.00450E+00
dy  = 2.16673E-01
