*** transform info ***
phi = 9.99970E+01
dx  = -3.16317E+00
dy  = -5.03226E-02
