*** transform info ***
phi = 8.38881E+01
dx  = -5.44937E+00
dy  = -1.43256E-01
