*** transform info ***
phi = 5.50126E+01
dx  = 9.70460E-01
dy  = 9.22709E-01
