*** transform info ***
phi = 2.47557E+01
dx  = 3.72236E+00
dy  = -3.28642E-01
