*** transform info ***
phi = 1.57857E+02
dx  = 6.47772E+00
dy  = 4.80597E+00
