*** transform info ***
phi = 1.21818E+01
dx  = -5.76987E+00
dy  = -2.28407E+00
