*** transform info ***
phi = 1.44148E+02
dx  = 5.65008E-01
dy  = 5.84692E+00
