*** transform info ***
phi = 1.48664E+02
dx  = -6.20929E-01
dy  = -4.17333E+00
