*** transform info ***
phi = 1.17401E+01
dx  = 1.99998E+00
dy  = 1.12854E+00
