*** transform info ***
phi = 1.48851E+02
dx  = -6.89595E+00
dy  = -4.93450E-01
