*** transform info ***
phi = 1.28551E+02
dx  = -6.11500E-01
dy  = 3.49333E+00
