*** transform info ***
phi = 7.09649E+01
dx  = 2.14208E+00
dy  = -2.73287E+00
