*** transform info ***
phi = 1.43194E+02
dx  = -6.30068E+00
dy  = 1.00754E+00
