*** transform info ***
phi = 6.69305E+01
dx  = -6.44187E+00
dy  = 5.45573E+00
