*** transform info ***
phi = 8.88647E+01
dx  = -4.00821E+00
dy  = 1.89595E+00
