*** transform info ***
phi = 6.70753E+01
dx  = 2.15075E+00
dy  = 5.92344E-01
