*** transform info ***
phi = 2.35819E+01
dx  = 2.68967E+00
dy  = -1.52477E+00
