*** transform info ***
phi = 5.19932E+01
dx  = 2.33839E+00
dy  = -2.27274E+00
