*** transform info ***
phi = 8.30359E+01
dx  = -4.07224E+00
dy  = -3.49516E+00
