*** transform info ***
phi = 1.29933E+02
dx  = 3.13579E+00
dy  = 4.92279E-01
