*** transform info ***
phi = 2.99801E+00
dx  = 2.45712E+00
dy  = -4.11839E+00
