*** transform info ***
phi = 4.61184E+01
dx  = 4.41297E+00
dy  = 3.59241E+00
