*** transform info ***
phi = 1.67920E+02
dx  = 4.31296E+00
dy  = 2.85523E-01
