*** transform info ***
phi = 6.22054E+01
dx  = -5.63793E+00
dy  = 3.77955E+00
