*** transform info ***
phi = 1.70713E+02
dx  = 2.81680E-01
dy  = -1.22261E+00
