*** transform info ***
phi = 1.58410E+02
dx  = 4.72044E+00
dy  = 2.75640E+00
