*** transform info ***
phi = 1.57136E+02
dx  = 4.66606E+00
dy  = 3.08608E+00
