*** transform info ***
phi = 6.68522E+01
dx  = 1.39423E+00
dy  = -1.91329E+00
