*** transform info ***
phi = 5.85212E+00
dx  = 1.27726E+00
dy  = -3.66104E+00
