*** transform info ***
phi = 2.52706E+01
dx  = -3.71257E+00
dy  = -7.01898E-01
