*** transform info ***
phi = 4.13435E+01
dx  = -2.61213E+00
dy  = -8.42153E-01
