*** transform info ***
phi = 9.54199E+01
dx  = 7.15308E+00
dy  = 2.32880E+00
