*** transform info ***
phi = 1.61742E+02
dx  = -6.93684E+00
dy  = -5.71597E+00
