*** transform info ***
phi = 1.41785E+02
dx  = 6.11824E+00
dy  = -8.14625E-01
