*** transform info ***
phi = 1.54396E+02
dx  = 4.14298E+00
dy  = -2.84089E+00
