*** transform info ***
phi = 1.56360E+02
dx  = -4.78596E+00
dy  = 2.13681E+00
