*** transform info ***
phi = 1.55396E+02
dx  = -5.40217E+00
dy  = -1.56492E+00
