*** transform info ***
phi = 7.06628E+01
dx  = -8.84687E-01
dy  = 4.39636E-01
