*** transform info ***
phi = 7.00843E+01
dx  = -7.76393E+00
dy  = -2.45191E+00
