*** transform info ***
phi = 1.65662E+02
dx  = -7.88576E+00
dy  = 1.17667E+00
