*** transform info ***
phi = 1.56314E+02
dx  = 2.84290E+00
dy  = -3.45520E+00
