*** transform info ***
phi = 5.99256E+01
dx  = -6.72039E+00
dy  = 2.42696E+00
