*** transform info ***
phi = 1.04386E+02
dx  = -3.43054E+00
dy  = 2.50365E-01
