*** transform info ***
phi = 1.26006E+02
dx  = -2.06799E+00
dy  = 8.90619E-01
