*** transform info ***
phi = 1.41907E+02
dx  = 7.65246E-01
dy  = 2.08528E+00
