*** transform info ***
phi = 1.07834E+02
dx  = 2.57588E+00
dy  = 1.51302E+00
