*** transform info ***
phi = 3.63749E+00
dx  = 4.32342E+00
dy  = -3.54572E-01
