*** transform info ***
phi = 1.19786E+02
dx  = -9.56119E-01
dy  = -4.20886E+00
