*** transform info ***
phi = 6.93856E+01
dx  = 4.83768E+00
dy  = -5.65132E+00
