*** transform info ***
phi = 1.34053E+02
dx  = -5.25083E+00
dy  = -2.19568E+00
