*** transform info ***
phi = 1.48665E+02
dx  = 4.19846E+00
dy  = 4.82584E+00
