*** transform info ***
phi = 1.09054E+02
dx  = 3.63646E-01
dy  = 5.74173E-01
