*** transform info ***
phi = 6.02807E+00
dx  = -7.27681E+00
dy  = 3.16328E+00
