*** transform info ***
phi = 6.93998E+00
dx  = 2.01907E-01
dy  = 6.83456E-01
