*** transform info ***
phi = 9.13405E+01
dx  = 3.21428E+00
dy  = 1.38970E+00
