*** transform info ***
phi = 3.55927E+01
dx  = -2.15849E+00
dy  = 1.96219E+00
