*** transform info ***
phi = 6.09290E+01
dx  = 2.14834E+00
dy  = -6.09679E+00
