*** transform info ***
phi = 1.43130E+02
dx  = -4.24402E+00
dy  = -2.86829E+00
