*** transform info ***
phi = 7.16439E+01
dx  = -3.97729E+00
dy  = 1.19805E+00
