*** transform info ***
phi = 1.46352E+02
dx  = 5.50491E+00
dy  = -3.42279E+00
