*** transform info ***
phi = 3.63504E+01
dx  = 5.04289E+00
dy  = -2.32110E+00
