*** transform info ***
phi = 1.75775E+02
dx  = 6.76445E+00
dy  = 4.89757E+00
