*** transform info ***
phi = 2.76778E+01
dx  = 5.28194E-01
dy  = 6.39817E-01
