*** transform info ***
phi = 6.02692E+01
dx  = 5.65276E+00
dy  = 5.37005E+00
