*** transform info ***
phi = 1.45483E+02
dx  = 5.42045E+00
dy  = -2.49254E+00
