*** transform info ***
phi = 1.29440E+02
dx  = 2.67430E-03
dy  = -2.86340E-02
