*** transform info ***
phi = 6.59835E+00
dx  = 4.62588E-01
dy  = -3.58601E-01
