*** transform info ***
phi = 6.80024E+01
dx  = 6.94960E+00
dy  = -5.42340E+00
