*** transform info ***
phi = 3.08547E+01
dx  = -4.54656E+00
dy  = 2.42527E+00
