*** transform info ***
phi = 1.65093E+02
dx  = -5.81255E+00
dy  = 4.38637E+00
