*** transform info ***
phi = 9.45812E+00
dx  = -5.45561E+00
dy  = -2.67320E+00
