*** transform info ***
phi = 4.74836E+01
dx  = -1.01032E+00
dy  = 3.10277E+00
