*** transform info ***
phi = 1.69749E+02
dx  = 5.37086E+00
dy  = 4.53903E-01
