*** transform info ***
phi = 1.18420E+02
dx  = -1.85399E+00
dy  = -1.62456E+00
