*** transform info ***
phi = 6.15316E+01
dx  = 4.77194E+00
dy  = -2.70746E+00
