*** transform info ***
phi = 1.69283E+02
dx  = -5.75869E+00
dy  = 2.37991E+00
