*** transform info ***
phi = 6.14395E+01
dx  = 3.83359E+00
dy  = 5.73160E+00
