*** transform info ***
phi = 1.67509E+02
dx  = -8.52462E-01
dy  = -1.73677E+00
