*** transform info ***
phi = 3.43906E+01
dx  = -3.82324E+00
dy  = -6.06095E-01
