*** transform info ***
phi = 1.27407E+02
dx  = 4.14703E+00
dy  = -1.73487E+00
