*** transform info ***
phi = 1.69197E+02
dx  = 3.96207E+00
dy  = -3.33885E+00
