*** transform info ***
phi = 5.52695E+01
dx  = -2.06673E+00
dy  = -6.84230E+00
