*** transform info ***
phi = 1.35666E+01
dx  = -3.27575E+00
dy  = -3.16972E+00
