*** transform info ***
phi = 5.58478E+01
dx  = -3.25226E+00
dy  = 2.18056E+00
