*** transform info ***
phi = 1.76137E+02
dx  = 3.64511E+00
dy  = -2.11198E+00
