*** transform info ***
phi = 6.74042E+01
dx  = -6.03444E+00
dy  = 3.64341E+00
