*** transform info ***
phi = 7.14111E+01
dx  = 3.95172E+00
dy  = 2.77986E+00
