*** transform info ***
phi = 1.50779E+02
dx  = 5.02950E+00
dy  = -3.72427E+00
