*** transform info ***
phi = 1.30140E+02
dx  = 1.84006E+00
dy  = -2.56404E+00
