*** transform info ***
phi = 1.72759E+02
dx  = 7.10619E+00
dy  = -4.60799E+00
