*** transform info ***
phi = 1.44332E+02
dx  = 8.17273E-01
dy  = -2.89942E+00
