*** transform info ***
phi = 5.05977E+01
dx  = 3.86762E+00
dy  = 2.78180E+00
