*** transform info ***
phi = 1.16588E+02
dx  = 2.54011E+00
dy  = 1.93066E+00
