*** transform info ***
phi = 9.82026E+01
dx  = -1.60265E+00
dy  = 3.81636E+00
