*** transform info ***
phi = 1.73228E+02
dx  = 4.00421E-01
dy  = 3.50931E+00
