*** transform info ***
phi = 9.25906E+01
dx  = -7.07050E+00
dy  = -1.60259E+00
