*** transform info ***
phi = 1.77938E+02
dx  = -6.03568E+00
dy  = 4.20869E+00
