*** transform info ***
phi = 9.99787E+01
dx  = -1.19711E+00
dy  = -3.86408E+00
