*** transform info ***
phi = 1.51552E+02
dx  = -6.61946E+00
dy  = 3.35137E+00
