*** transform info ***
phi = 6.68836E+01
dx  = -3.24298E+00
dy  = -2.46475E-01
