*** transform info ***
phi = 1.48009E+02
dx  = 5.90007E+00
dy  = -1.27837E+00
