*** transform info ***
phi = 2.29055E+01
dx  = 1.76846E+00
dy  = -2.45272E+00
