*** transform info ***
phi = 1.09485E+01
dx  = 6.89048E+00
dy  = 2.30117E+00
