*** transform info ***
phi = 1.48350E+02
dx  = -2.19194E+00
dy  = -3.94370E+00
