*** transform info ***
phi = 1.39119E+02
dx  = 2.44134E+00
dy  = -5.52832E+00
