*** transform info ***
phi = 1.33563E+02
dx  = 7.69636E-01
dy  = -7.77229E-01
