*** transform info ***
phi = 1.15650E+02
dx  = 1.76320E+00
dy  = 1.42607E-01
