*** transform info ***
phi = 6.13792E+01
dx  = 4.48438E+00
dy  = 2.50715E+00
