*** transform info ***
phi = 2.74803E+01
dx  = -4.92462E+00
dy  = -3.27960E-01
