*** transform info ***
phi = 6.18951E+01
dx  = 5.63410E+00
dy  = 5.00737E-02
