*** transform info ***
phi = 1.28079E+02
dx  = 2.13345E+00
dy  = 3.74211E+00
