*** transform info ***
phi = 2.81175E+01
dx  = -7.79901E-01
dy  = 4.26921E+00
