*** transform info ***
phi = 1.41127E+02
dx  = -2.17137E+00
dy  = -2.35198E+00
