*** transform info ***
phi = 2.82835E+01
dx  = -5.20630E+00
dy  = -8.08576E-01
