*** transform info ***
phi = 1.51560E+02
dx  = 5.75094E+00
dy  = 5.56529E+00
