*** transform info ***
phi = 1.09498E+02
dx  = -5.49657E+00
dy  = -1.63298E+00
