*** transform info ***
phi = 1.65208E+02
dx  = 7.63237E+00
dy  = 1.74267E+00
