*** transform info ***
phi = 7.69091E+01
dx  = 1.37626E+00
dy  = -4.60554E+00
