*** transform info ***
phi = 1.48966E+02
dx  = -7.77442E-01
dy  = -4.33208E+00
