*** transform info ***
phi = 5.92442E+01
dx  = -7.87605E+00
dy  = -1.53453E-01
