*** transform info ***
phi = 6.62627E+01
dx  = 3.06649E+00
dy  = -4.43631E+00
