*** transform info ***
phi = 1.18118E+02
dx  = -3.11353E+00
dy  = -2.37513E-01
