*** transform info ***
phi = 1.01814E+02
dx  = -2.16997E+00
dy  = -3.49950E+00
