*** transform info ***
phi = 1.57647E+01
dx  = 3.77741E+00
dy  = -7.41729E-01
