*** transform info ***
phi = 1.54879E+02
dx  = -7.83586E+00
dy  = 1.93643E+00
