*** transform info ***
phi = 1.19198E+02
dx  = -5.78963E+00
dy  = 3.72713E-01
