*** transform info ***
phi = 5.33351E+01
dx  = -4.26768E+00
dy  = 4.36295E+00
