*** transform info ***
phi = 7.91219E+01
dx  = -1.09143E+00
dy  = -1.46852E-01
