*** transform info ***
phi = 1.07397E+01
dx  = -1.18469E+00
dy  = 3.30451E-01
