*** transform info ***
phi = 1.73141E+02
dx  = 4.64898E+00
dy  = -2.78695E+00
