*** transform info ***
phi = 1.58632E+02
dx  = -5.02769E+00
dy  = 4.79996E+00
