*** transform info ***
phi = 8.47308E+01
dx  = 7.61142E+00
dy  = 2.30305E+00
