*** transform info ***
phi = 2.56803E+01
dx  = -1.09022E+00
dy  = -9.19060E-01
