*** transform info ***
phi = 4.17793E+01
dx  = -2.37056E+00
dy  = -4.38683E+00
