*** transform info ***
phi = 4.88512E+01
dx  = 1.76652E+00
dy  = 6.78519E+00
