*** transform info ***
phi = 1.76482E+02
dx  = -4.76538E+00
dy  = -3.38262E+00
