*** transform info ***
phi = 4.56766E+01
dx  = 4.04544E+00
dy  = -2.55119E+00
