*** transform info ***
phi = 1.17254E+02
dx  = 3.61686E+00
dy  = 5.55461E-01
