*** transform info ***
phi = 8.27973E+01
dx  = 4.56427E+00
dy  = -4.11146E+00
