*** transform info ***
phi = 6.60869E+01
dx  = -6.45100E+00
dy  = -1.90530E+00
