*** transform info ***
phi = 2.82079E+01
dx  = -1.13481E+00
dy  = 1.55603E+00
