*** transform info ***
phi = 2.20607E+01
dx  = -2.27073E+00
dy  = -2.22960E+00
