*** transform info ***
phi = 1.50632E+02
dx  = 2.65520E+00
dy  = 2.45521E+00
