*** transform info ***
phi = 6.06541E+01
dx  = -4.48942E+00
dy  = 4.91538E-01
