*** transform info ***
phi = 3.71210E+01
dx  = -5.24354E+00
dy  = 2.25796E+00
