*** transform info ***
phi = 8.87933E+01
dx  = -5.17237E+00
dy  = 1.49812E+00
