*** transform info ***
phi = 1.88706E+01
dx  = -3.96681E+00
dy  = 1.26263E+00
