*** transform info ***
phi = 1.63784E+02
dx  = 1.78472E+00
dy  = -3.10439E+00
