*** transform info ***
phi = 1.26962E+02
dx  = 1.95106E+00
dy  = -4.78455E+00
