*** transform info ***
phi = 1.62703E+02
dx  = -9.74579E-01
dy  = 1.46033E+00
