*** transform info ***
phi = 1.25190E+02
dx  = -1.80721E+00
dy  = -1.83219E+00
