*** transform info ***
phi = 8.10813E+01
dx  = -7.11750E+00
dy  = 2.30102E+00
