*** transform info ***
phi = 2.67285E+01
dx  = -4.18054E+00
dy  = -2.58010E+00
