*** transform info ***
phi = 1.49181E+02
dx  = 9.53298E-01
dy  = 2.91721E+00
