*** transform info ***
phi = 4.66813E+01
dx  = 1.68895E+00
dy  = -4.13871E-01
