*** transform info ***
phi = 1.11186E+02
dx  = 3.94901E-01
dy  = 4.14986E+00
