*** transform info ***
phi = 1.41889E+02
dx  = 5.14008E+00
dy  = -1.76577E+00
