*** transform info ***
phi = 1.49752E+02
dx  = 5.31292E+00
dy  = 6.11873E+00
