*** transform info ***
phi = 1.74969E+02
dx  = -9.29194E-01
dy  = 4.92832E-01
