*** transform info ***
phi = 6.18738E+01
dx  = 1.07150E+00
dy  = 2.93417E+00
