*** transform info ***
phi = 5.50533E+01
dx  = -2.22465E+00
dy  = 4.38001E+00
