*** transform info ***
phi = 9.47253E+01
dx  = 1.92527E+00
dy  = -4.12734E-01
