*** transform info ***
phi = 1.05736E+02
dx  = 3.91225E+00
dy  = -1.09675E+00
