*** transform info ***
phi = 7.46760E-01
dx  = 4.14274E+00
dy  = -3.42699E+00
