*** transform info ***
phi = 7.63177E+00
dx  = -6.21132E-01
dy  = -4.35040E+00
