*** transform info ***
phi = 8.24797E+01
dx  = 1.86362E+00
dy  = 2.54570E+00
