*** transform info ***
phi = 7.99899E+01
dx  = -6.56655E+00
dy  = -2.92025E+00
