*** transform info ***
phi = 1.55976E+02
dx  = 3.43602E+00
dy  = 3.89713E+00
