*** transform info ***
phi = 1.44757E+02
dx  = 1.12655E+00
dy  = 2.68764E+00
