*** transform info ***
phi = 1.32693E+02
dx  = -3.01118E+00
dy  = 2.56679E+00
