*** transform info ***
phi = 1.20818E+02
dx  = -3.44063E+00
dy  = -2.73507E+00
