*** transform info ***
phi = 1.59515E+02
dx  = 5.16990E-01
dy  = -3.32638E+00
