*** transform info ***
phi = 7.67063E+01
dx  = -2.04837E+00
dy  = -2.04250E+00
