*** transform info ***
phi = 8.51510E+01
dx  = -7.76184E+00
dy  = 1.54537E-01
