*** transform info ***
phi = 1.73157E+02
dx  = 3.09997E+00
dy  = 3.76858E+00
