*** transform info ***
phi = 6.67894E+01
dx  = -4.18781E+00
dy  = -1.06517E-01
