*** transform info ***
phi = 9.68935E+01
dx  = 2.40063E+00
dy  = -3.42381E+00
