*** transform info ***
phi = 1.77705E+02
dx  = 2.15162E+00
dy  = 1.40076E+00
