*** transform info ***
phi = 1.26369E+02
dx  = -4.42868E+00
dy  = -1.76150E+00
