*** transform info ***
phi = 1.78054E+02
dx  = -1.81907E+00
dy  = -1.66634E+00
