*** transform info ***
phi = 9.35390E+01
dx  = -6.90476E+00
dy  = -2.07605E+00
