*** transform info ***
phi = 5.38327E+01
dx  = 8.75442E-01
dy  = 3.11728E-01
