*** transform info ***
phi = 1.39235E+02
dx  = -6.26746E+00
dy  = -6.15609E-01
