*** transform info ***
phi = 1.79327E+02
dx  = 6.56290E+00
dy  = -2.00553E+00
