*** transform info ***
phi = 2.17428E+01
dx  = -2.87738E+00
dy  = -2.88767E-01
