*** transform info ***
phi = 1.54748E+02
dx  = 3.64695E+00
dy  = 1.49344E+00
