*** transform info ***
phi = 2.18592E+00
dx  = 3.77812E+00
dy  = -3.04330E+00
