*** transform info ***
phi = 8.37579E+01
dx  = -1.01989E+00
dy  = -2.09967E-01
