*** transform info ***
phi = 9.42783E+01
dx  = -1.42758E+00
dy  = -2.67276E+00
