*** transform info ***
phi = 3.17934E+00
dx  = -2.58929E+00
dy  = 7.52430E-01
