*** transform info ***
phi = 1.54839E+02
dx  = 7.70603E+00
dy  = -1.01451E+00
