*** transform info ***
phi = 6.23740E+01
dx  = 2.29747E+00
dy  = -5.63082E+00
