*** transform info ***
phi = 3.71621E+01
dx  = 5.74960E+00
dy  = 1.45683E+00
