*** transform info ***
phi = 1.47159E+02
dx  = -1.11098E+00
dy  = 3.35923E+00
