*** transform info ***
phi = 1.07895E+02
dx  = -4.55143E+00
dy  = -1.00244E+00
