*** transform info ***
phi = 9.77498E+01
dx  = -2.44542E+00
dy  = 4.48379E-01
