*** transform info ***
phi = 8.48019E+01
dx  = 1.96477E-01
dy  = 6.61550E-01
