*** transform info ***
phi = 6.75911E+01
dx  = -2.02056E-01
dy  = 3.65845E+00
