*** transform info ***
phi = 1.58819E+02
dx  = -7.35799E+00
dy  = 3.50911E+00
