*** transform info ***
phi = 1.38835E+02
dx  = -1.47297E+00
dy  = -4.84332E+00
