*** transform info ***
phi = 1.54474E+01
dx  = -5.24466E+00
dy  = -2.22278E+00
