*** transform info ***
phi = 1.45007E+02
dx  = 1.40604E+00
dy  = 5.68338E+00
