*** transform info ***
phi = 1.05473E+02
dx  = -5.88042E+00
dy  = 8.89796E-01
