*** transform info ***
phi = 1.27340E+02
dx  = -6.65911E+00
dy  = 5.64740E-01
