*** transform info ***
phi = 1.64916E+02
dx  = -7.51424E+00
dy  = 3.51515E+00
