*** transform info ***
phi = 4.53056E+01
dx  = -3.57109E+00
dy  = -1.02323E+00
