*** transform info ***
phi = 1.10667E+02
dx  = -7.02065E+00
dy  = -1.18148E+00
