*** transform info ***
phi = 1.68776E+02
dx  = 7.67143E+00
dy  = -3.52600E+00
