*** transform info ***
phi = 5.85523E+01
dx  = -5.65137E+00
dy  = -1.84493E+00
