*** transform info ***
phi = 6.32997E+01
dx  = 3.97477E+00
dy  = -3.08881E+00
