*** transform info ***
phi = 1.07290E+02
dx  = 2.02516E+00
dy  = 1.87445E+00
