*** transform info ***
phi = 1.65723E+02
dx  = -1.12384E+00
dy  = -2.99245E+00
