*** transform info ***
phi = 2.19519E+01
dx  = 6.03586E+00
dy  = 8.75323E-01
