*** transform info ***
phi = 1.26455E+02
dx  = 1.74384E+00
dy  = -2.26281E+00
