*** transform info ***
phi = 3.15739E+01
dx  = -2.94479E-01
dy  = 2.48275E+00
