*** transform info ***
phi = 1.52063E+02
dx  = -6.86545E+00
dy  = -4.04528E+00
