*** transform info ***
phi = 3.58869E+01
dx  = -1.72892E+00
dy  = 4.01950E+00
