*** transform info ***
phi = 1.72337E+02
dx  = 2.93471E+00
dy  = 1.72199E-01
