*** transform info ***
phi = 6.28484E+01
dx  = 1.71634E+00
dy  = 1.29159E+00
