*** transform info ***
phi = 5.71712E+01
dx  = -1.80004E+00
dy  = 2.32988E+00
