*** transform info ***
phi = 6.53303E+01
dx  = 7.30187E-01
dy  = -4.43776E+00
