*** transform info ***
phi = 6.53750E+01
dx  = 2.14487E+00
dy  = 3.46450E+00
