*** transform info ***
phi = 1.49462E+02
dx  = -7.22000E+00
dy  = -1.73600E+00
