*** transform info ***
phi = 1.47585E+02
dx  = 4.01652E+00
dy  = -1.01360E+00
