*** transform info ***
phi = 4.44155E+01
dx  = 3.01325E+00
dy  = 2.51305E+00
