*** transform info ***
phi = 4.91121E+00
dx  = -1.12775E+00
dy  = -6.03572E-02
