*** transform info ***
phi = 1.06437E+02
dx  = 2.06951E+00
dy  = -3.13230E+00
