*** transform info ***
phi = 9.19443E+01
dx  = -2.84116E+00
dy  = 3.19572E+00
