*** transform info ***
phi = 6.93031E+01
dx  = 7.25695E+00
dy  = 2.49394E+00
