*** transform info ***
phi = 1.44259E+00
dx  = 5.61087E+00
dy  = -2.43792E+00
