*** transform info ***
phi = 8.85020E+01
dx  = -7.27447E-01
dy  = 3.24237E+00
