*** transform info ***
phi = 7.09021E+01
dx  = -4.52503E-01
dy  = 2.03875E-01
