*** transform info ***
phi = 1.66814E+02
dx  = -5.65756E+00
dy  = 3.02139E+00
