*** transform info ***
phi = 1.52518E+02
dx  = -1.54175E-01
dy  = 3.67065E+00
