*** transform info ***
phi = 8.75345E+01
dx  = -5.64650E+00
dy  = 3.26838E+00
