*** transform info ***
phi = 1.44264E+02
dx  = -5.87017E+00
dy  = 3.11603E+00
