*** transform info ***
phi = 1.03397E+02
dx  = 4.37661E+00
dy  = -1.79751E+00
