*** transform info ***
phi = 1.14241E+02
dx  = 7.55304E+00
dy  = 6.43911E-01
