*** transform info ***
phi = 1.19999E+02
dx  = -5.78358E+00
dy  = -1.78958E+00
