*** transform info ***
phi = 7.67743E+01
dx  = 4.91432E+00
dy  = -2.16315E+00
