*** transform info ***
phi = 6.96202E+01
dx  = 2.85453E+00
dy  = 2.94075E+00
