*** transform info ***
phi = 1.35053E+02
dx  = -1.36779E+00
dy  = 7.68354E-03
