*** transform info ***
phi = 8.66031E-02
dx  = 2.00931E+00
dy  = 4.80285E+00
