*** transform info ***
phi = 1.08006E+02
dx  = 2.23948E-01
dy  = -1.06751E+00
