*** transform info ***
phi = 1.41214E+02
dx  = 5.01816E-01
dy  = -6.92782E+00
