*** transform info ***
phi = 7.48343E+01
dx  = -2.95351E+00
dy  = -2.36321E+00
