*** transform info ***
phi = 8.34197E+01
dx  = -3.88189E+00
dy  = 1.89686E+00
