*** transform info ***
phi = 5.11044E+01
dx  = -4.25221E+00
dy  = -4.16811E+00
