*** transform info ***
phi = 9.92211E+01
dx  = 4.27678E+00
dy  = 5.83268E-02
