*** transform info ***
phi = 5.42759E+00
dx  = -4.70306E-01
dy  = -2.27401E+00
