*** transform info ***
phi = 1.49443E+02
dx  = 3.36251E+00
dy  = 7.32708E-01
