*** transform info ***
phi = 1.28620E+02
dx  = 7.62868E-01
dy  = -3.20431E+00
