*** transform info ***
phi = 1.43774E+02
dx  = 2.06194E+00
dy  = -6.51439E+00
