*** transform info ***
phi = 1.47991E+02
dx  = 2.10448E+00
dy  = -1.51084E+00
