*** transform info ***
phi = 1.49648E+02
dx  = -4.38130E+00
dy  = 2.52832E+00
