*** transform info ***
phi = 6.68892E+01
dx  = 4.85783E+00
dy  = 2.87896E+00
