*** transform info ***
phi = 1.31242E+02
dx  = -4.99073E+00
dy  = 2.54924E+00
