*** transform info ***
phi = 8.45165E+01
dx  = -7.65627E+00
dy  = -2.95551E+00
