*** transform info ***
phi = 8.56338E+01
dx  = -1.03305E+00
dy  = -1.03226E+00
