*** transform info ***
phi = 1.56884E+02
dx  = 1.33375E+00
dy  = 6.41615E-01
