*** transform info ***
phi = 9.34411E+01
dx  = 7.11813E+00
dy  = -3.16051E+00
