*** transform info ***
phi = 1.56247E+02
dx  = 1.82195E+00
dy  = -1.89291E-01
