*** transform info ***
phi = 6.63077E+01
dx  = -4.77663E+00
dy  = 4.98146E+00
