*** transform info ***
phi = 6.34606E+01
dx  = -2.16202E+00
dy  = -4.90236E+00
