*** transform info ***
phi = 6.77811E+01
dx  = -2.42971E+00
dy  = 2.69974E+00
