*** transform info ***
phi = 1.31072E+02
dx  = -5.64215E+00
dy  = 7.71245E-01
