*** transform info ***
phi = 1.50025E+02
dx  = 3.45166E+00
dy  = 1.97446E-01
