*** transform info ***
phi = 5.17060E+01
dx  = -4.02652E+00
dy  = -3.64384E+00
