*** transform info ***
phi = 6.57781E+01
dx  = 7.62678E+00
dy  = -7.35306E-01
