*** transform info ***
phi = 1.24004E+02
dx  = -4.95533E+00
dy  = -1.18991E+00
