*** transform info ***
phi = 9.18496E+01
dx  = 2.72445E+00
dy  = 7.30945E-01
