*** transform info ***
phi = 6.46349E+01
dx  = -2.78365E-01
dy  = 2.06887E+00
