*** transform info ***
phi = 6.11446E+01
dx  = 2.76644E+00
dy  = -5.72872E+00
