*** transform info ***
phi = 1.34087E+02
dx  = -1.19294E+00
dy  = -9.32200E-01
