*** transform info ***
phi = 1.73641E+02
dx  = 7.34118E+00
dy  = 4.65681E+00
