*** transform info ***
phi = 1.02408E+02
dx  = -5.85636E+00
dy  = 2.40095E+00
