*** transform info ***
phi = 2.61886E+00
dx  = 3.73505E+00
dy  = -1.21138E+00
