*** transform info ***
phi = 5.63004E+01
dx  = -2.79772E+00
dy  = -6.33705E+00
