*** transform info ***
phi = 1.24314E+02
dx  = 1.57458E+00
dy  = 1.16023E+00
