*** transform info ***
phi = 1.01018E+02
dx  = 5.70541E+00
dy  = 5.57877E-01
