*** transform info ***
phi = 3.15776E+01
dx  = -2.46832E+00
dy  = 2.20386E+00
