*** transform info ***
phi = 2.94938E+01
dx  = -4.14512E+00
dy  = 1.51078E+00
