*** transform info ***
phi = 1.45008E+02
dx  = -4.26389E+00
dy  = -2.85199E+00
