*** transform info ***
phi = 1.08290E+02
dx  = -2.75850E+00
dy  = 2.84798E+00
