*** transform info ***
phi = 1.76780E+02
dx  = 2.96985E+00
dy  = 4.61532E+00
