*** transform info ***
phi = 6.46425E+01
dx  = 7.80022E+00
dy  = -2.15882E-01
