*** transform info ***
phi = 1.11504E+02
dx  = 1.67501E+00
dy  = -1.19919E+00
