*** transform info ***
phi = 6.15205E+00
dx  = -7.89906E+00
dy  = 3.18892E-01
