*** transform info ***
phi = 2.58889E+00
dx  = 7.79920E+00
dy  = -2.30854E+00
