*** transform info ***
phi = 6.44504E+01
dx  = -4.08638E+00
dy  = 5.75010E+00
