*** transform info ***
phi = 1.19348E+02
dx  = -3.52421E+00
dy  = 2.96802E+00
