*** transform info ***
phi = 7.12448E+01
dx  = -7.54315E+00
dy  = 1.73617E+00
