*** transform info ***
phi = 2.40875E+01
dx  = 6.15427E+00
dy  = 1.44929E+00
