*** transform info ***
phi = 8.16050E+01
dx  = 4.53659E+00
dy  = -4.31235E-01
