*** transform info ***
phi = 3.47093E+01
dx  = 1.20248E+00
dy  = -3.73121E+00
