*** transform info ***
phi = 6.21415E+01
dx  = -7.47314E+00
dy  = 1.73249E+00
