*** transform info ***
phi = 5.25932E+01
dx  = -1.48946E+00
dy  = -1.49109E+00
