*** transform info ***
phi = 1.63752E+02
dx  = 7.27244E+00
dy  = 4.91488E+00
