*** transform info ***
phi = 7.59350E+01
dx  = 7.51923E+00
dy  = 1.95133E+00
