*** transform info ***
phi = 6.81423E+01
dx  = 1.16021E+00
dy  = 5.87870E-01
