*** transform info ***
phi = 1.18429E+02
dx  = 9.41502E-01
dy  = 3.61842E+00
