*** transform info ***
phi = 6.23670E+01
dx  = 2.11091E+00
dy  = 7.66084E-01
