*** transform info ***
phi = 1.74567E+02
dx  = -5.09603E+00
dy  = 3.76709E+00
