*** transform info ***
phi = 1.55601E+02
dx  = -7.91376E+00
dy  = -6.66830E-01
