*** transform info ***
phi = 1.46997E+02
dx  = -4.69377E+00
dy  = 1.18949E+00
