*** transform info ***
phi = 8.51604E+01
dx  = 3.28960E+00
dy  = 4.49340E+00
