*** transform info ***
phi = 1.12396E+02
dx  = -1.03685E+00
dy  = -3.44170E+00
