*** transform info ***
phi = 7.01003E+01
dx  = -3.32777E+00
dy  = 1.01180E-01
