*** transform info ***
phi = 5.40091E+01
dx  = -4.16796E+00
dy  = -4.40182E+00
