*** transform info ***
phi = 1.34438E+02
dx  = 2.04064E+00
dy  = 1.49540E+00
