*** transform info ***
phi = 4.98582E+01
dx  = -2.73871E+00
dy  = 3.89515E+00
