*** transform info ***
phi = 3.97162E+01
dx  = -4.83875E+00
dy  = -1.64057E+00
