*** transform info ***
phi = 9.81913E+01
dx  = 2.13879E+00
dy  = -1.16173E+00
