*** transform info ***
phi = 1.64860E+02
dx  = -6.95585E+00
dy  = 1.02963E-01
