*** transform info ***
phi = 1.57426E+02
dx  = 6.89654E+00
dy  = 5.53917E+00
