*** transform info ***
phi = 1.55256E+02
dx  = 6.20778E+00
dy  = -4.59200E+00
