*** transform info ***
phi = 1.55603E+02
dx  = -2.28756E-01
dy  = -6.69169E-01
