*** transform info ***
phi = 1.74967E+02
dx  = -1.24906E+00
dy  = 4.04429E+00
