*** transform info ***
phi = 7.22301E+01
dx  = -2.74846E+00
dy  = 5.56494E-01
