*** transform info ***
phi = 1.59243E+02
dx  = -1.91871E+00
dy  = -1.11493E+00
