*** transform info ***
phi = 9.47064E+01
dx  = 2.02781E+00
dy  = 1.30924E+00
