*** transform info ***
phi = 1.74852E+02
dx  = 9.10207E-01
dy  = -1.75222E+00
