*** transform info ***
phi = 6.43330E+01
dx  = -6.86356E+00
dy  = 2.73104E+00
