*** transform info ***
phi = 1.50401E+01
dx  = 2.08743E+00
dy  = -4.00951E-01
