*** transform info ***
phi = 1.46425E+02
dx  = -2.14076E+00
dy  = -3.11714E+00
