*** transform info ***
phi = 1.65148E+02
dx  = 5.38443E+00
dy  = 1.74930E+00
