*** transform info ***
phi = 1.33426E+02
dx  = -7.96950E-01
dy  = -1.96212E+00
