*** transform info ***
phi = 1.41714E+02
dx  = 1.36642E+00
dy  = -7.00936E+00
