*** transform info ***
phi = 1.63876E+02
dx  = -3.15470E+00
dy  = 7.48782E-01
