*** transform info ***
phi = 1.96615E+01
dx  = -2.19657E+00
dy  = -3.24862E+00
