*** transform info ***
phi = 1.48467E+02
dx  = -7.08871E+00
dy  = 1.90086E+00
