*** transform info ***
phi = 1.95651E+00
dx  = 4.75130E-01
dy  = 7.50621E-01
