*** transform info ***
phi = 9.82457E+01
dx  = 5.70800E+00
dy  = 2.61914E+00
