*** transform info ***
phi = 6.86678E+01
dx  = -1.16982E+00
dy  = 3.97165E-02
