*** transform info ***
phi = 1.67778E+02
dx  = 7.98737E+00
dy  = -1.56841E+00
