*** transform info ***
phi = 1.73841E+02
dx  = -7.00388E+00
dy  = 1.11282E+00
