*** transform info ***
phi = 1.69774E+02
dx  = 9.31306E-03
dy  = 2.24049E+00
