*** transform info ***
phi = 1.46268E+02
dx  = 6.54517E+00
dy  = -1.34927E+00
