*** transform info ***
phi = 1.23455E+00
dx  = 4.03499E+00
dy  = -3.41676E+00
