*** transform info ***
phi = 9.63231E+01
dx  = -6.76798E+00
dy  = 2.13824E+00
