*** transform info ***
phi = 1.65526E+02
dx  = -7.15555E+00
dy  = 2.24221E+00
