*** transform info ***
phi = 1.08252E+02
dx  = 2.01807E+00
dy  = 5.51595E-02
