*** transform info ***
phi = 1.22448E+02
dx  = -1.62222E+00
dy  = -1.98728E+00
