*** transform info ***
phi = 5.53711E+01
dx  = -1.23137E+00
dy  = 2.16811E+00
