*** transform info ***
phi = 2.45294E+01
dx  = -6.94252E+00
dy  = 7.80317E-01
