*** transform info ***
phi = 7.72173E+01
dx  = -6.87063E+00
dy  = -2.93364E+00
