*** transform info ***
phi = 1.57854E+02
dx  = -3.61779E+00
dy  = 5.87697E+00
