*** transform info ***
phi = 7.93287E+01
dx  = 1.38713E+00
dy  = 3.88619E+00
