*** transform info ***
phi = 5.46605E+01
dx  = 6.82993E+00
dy  = 1.28951E+00
