*** transform info ***
phi = 6.33236E+01
dx  = -2.83378E+00
dy  = -1.10421E+00
