*** transform info ***
phi = 1.15936E+02
dx  = 2.88129E-01
dy  = 4.01288E+00
