*** transform info ***
phi = 6.79464E+01
dx  = -4.93058E+00
dy  = 1.30634E+00
