*** transform info ***
phi = 7.59991E+01
dx  = 6.74279E-01
dy  = -2.00832E+00
