*** transform info ***
phi = 1.04925E+02
dx  = -2.99596E+00
dy  = 2.83694E+00
