*** transform info ***
phi = 1.01518E+02
dx  = -3.40282E+00
dy  = 8.06232E-01
