*** transform info ***
phi = 1.13319E+01
dx  = -6.35105E+00
dy  = -1.77939E+00
