*** transform info ***
phi = 8.27389E+01
dx  = -6.76549E-01
dy  = -3.11110E+00
