*** transform info ***
phi = 4.13238E+01
dx  = 2.51635E+00
dy  = -7.34843E-01
