*** transform info ***
phi = 8.35565E+01
dx  = 6.69271E+00
dy  = -1.03609E+00
