*** transform info ***
phi = 9.79820E+01
dx  = -6.95157E+00
dy  = -7.42714E-01
