*** transform info ***
phi = 3.22285E+01
dx  = -2.66572E+00
dy  = 1.38376E+00
