*** transform info ***
phi = 2.29808E+01
dx  = 1.80106E-01
dy  = 1.42617E+00
