*** transform info ***
phi = 9.19986E+01
dx  = 4.80324E+00
dy  = 3.55107E+00
