*** transform info ***
phi = 1.49532E+02
dx  = 5.46159E+00
dy  = -2.59031E-01
