*** transform info ***
phi = 1.48778E+02
dx  = -7.44475E+00
dy  = -1.38441E+00
