*** transform info ***
phi = 8.00900E+01
dx  = -3.06278E+00
dy  = 1.78321E+00
