*** transform info ***
phi = 5.55220E+01
dx  = 2.52059E+00
dy  = -2.97221E+00
