*** transform info ***
phi = 1.67873E+02
dx  = 6.01966E+00
dy  = 5.14345E+00
