*** transform info ***
phi = 2.86905E+01
dx  = -1.99100E+00
dy  = 1.33399E+00
