*** transform info ***
phi = 7.62061E+01
dx  = 3.96447E+00
dy  = 2.41368E+00
