*** transform info ***
phi = 1.58183E+01
dx  = -5.09712E+00
dy  = -1.10594E+00
