*** transform info ***
phi = 1.38123E+02
dx  = -2.80120E+00
dy  = 2.57295E+00
