*** transform info ***
phi = 1.57548E+02
dx  = -7.83418E+00
dy  = -1.86250E+00
