*** transform info ***
phi = 6.38447E+01
dx  = -7.78588E+00
dy  = 1.19383E+00
