*** transform info ***
phi = 3.48280E+01
dx  = -1.73676E+00
dy  = -4.64082E+00
