*** transform info ***
phi = 4.12641E+01
dx  = -5.01965E+00
dy  = -8.23117E-01
