*** transform info ***
phi = 1.49197E+02
dx  = -5.41460E+00
dy  = 8.60115E-01
