*** transform info ***
phi = 1.56904E+02
dx  = 6.41534E-01
dy  = 2.27256E+00
