*** transform info ***
phi = 1.42383E+02
dx  = 6.38297E+00
dy  = 1.02365E+00
