*** transform info ***
phi = 1.28916E+02
dx  = -3.14020E+00
dy  = -3.23530E+00
