*** transform info ***
phi = 1.74615E+02
dx  = -4.97374E+00
dy  = 1.38205E+00
