*** transform info ***
phi = 1.55139E+02
dx  = 6.48700E+00
dy  = 7.21714E+00
