*** transform info ***
phi = 6.00102E+01
dx  = -4.52630E+00
dy  = 3.92184E+00
