*** transform info ***
phi = 3.80595E+01
dx  = -1.29319E+00
dy  = 2.05015E+00
