*** transform info ***
phi = 9.82715E+01
dx  = -3.44246E-01
dy  = 3.65886E+00
