*** transform info ***
phi = 1.47081E+02
dx  = -2.13927E+00
dy  = 1.09781E+00
