*** transform info ***
phi = 6.85058E+01
dx  = -7.79639E+00
dy  = 5.53837E+00
