*** transform info ***
phi = 9.54297E+01
dx  = 3.87036E+00
dy  = -2.07060E+00
