*** transform info ***
phi = 1.69372E+02
dx  = 1.20030E+00
dy  = 4.00300E+00
