*** transform info ***
phi = 1.78119E+02
dx  = 4.80299E+00
dy  = 3.60183E+00
