*** transform info ***
phi = 2.13441E+01
dx  = -8.63729E-01
dy  = -2.92838E-01
