*** transform info ***
phi = 6.26915E+01
dx  = -1.67213E+00
dy  = -2.02104E+00
