*** transform info ***
phi = 7.93223E+01
dx  = -1.22329E+00
dy  = -2.51317E+00
