*** transform info ***
phi = 5.56380E+01
dx  = -3.60445E+00
dy  = -2.85134E+00
