*** transform info ***
phi = 3.63245E+01
dx  = -8.19881E-01
dy  = -8.55680E-01
