*** transform info ***
phi = 6.73473E+01
dx  = 1.11450E+00
dy  = -1.35692E+00
