*** transform info ***
phi = 2.79984E-01
dx  = -3.68114E+00
dy  = -3.29359E+00
