*** transform info ***
phi = 6.51978E+01
dx  = -1.25014E+00
dy  = -2.13820E-01
