*** transform info ***
phi = 1.62390E+02
dx  = 3.84435E-01
dy  = 1.34823E+00
