*** transform info ***
phi = 1.69347E+02
dx  = 1.35775E+00
dy  = 4.47219E+00
