*** transform info ***
phi = 5.15348E+01
dx  = 1.57765E+00
dy  = -6.13502E+00
