*** transform info ***
phi = 5.91738E+01
dx  = 4.50827E+00
dy  = 3.42988E+00
