*** transform info ***
phi = 6.14655E+01
dx  = 6.64418E+00
dy  = -3.43232E+00
