*** transform info ***
phi = 1.23936E+00
dx  = -3.04637E+00
dy  = 1.52118E+00
