*** transform info ***
phi = 1.37688E+02
dx  = -2.76514E+00
dy  = 5.59672E+00
