*** transform info ***
phi = 9.75018E+01
dx  = -5.96400E+00
dy  = -1.12670E+00
