*** transform info ***
phi = 9.27145E+01
dx  = -2.88847E+00
dy  = -2.07637E+00
