*** transform info ***
phi = 1.05508E+02
dx  = 7.48409E+00
dy  = -8.31311E-01
