*** transform info ***
phi = 1.34455E+01
dx  = 4.36315E+00
dy  = -2.18791E+00
