*** transform info ***
phi = 1.60696E+02
dx  = -6.69273E+00
dy  = -1.76235E+00
