*** transform info ***
phi = 1.32404E+02
dx  = -2.05793E+00
dy  = 4.41894E-02
