*** transform info ***
phi = 1.65462E+02
dx  = 3.50013E-01
dy  = 3.23708E+00
