*** transform info ***
phi = 1.61437E+02
dx  = 7.13291E+00
dy  = -4.55312E-01
