*** transform info ***
phi = 1.05616E+00
dx  = -7.77379E+00
dy  = 1.13501E+00
