*** transform info ***
phi = 1.27177E+02
dx  = 2.90298E+00
dy  = 1.21151E+00
