*** transform info ***
phi = 8.73318E+01
dx  = 6.06459E+00
dy  = -3.30396E+00
