*** transform info ***
phi = 4.64679E+01
dx  = -2.35809E+00
dy  = 2.58549E+00
