*** transform info ***
phi = 8.98722E+01
dx  = 1.85594E+00
dy  = 3.44685E+00
