*** transform info ***
phi = 4.13347E+01
dx  = -1.12929E+00
dy  = -4.18703E+00
