*** transform info ***
phi = 1.74753E+02
dx  = -5.73671E+00
dy  = -3.62135E+00
