*** transform info ***
phi = 6.25318E+01
dx  = 6.32017E+00
dy  = 6.37322E-01
