*** transform info ***
phi = 1.42342E+02
dx  = -5.46225E+00
dy  = -1.09654E-01
