*** transform info ***
phi = 1.48998E+02
dx  = 1.30815E+00
dy  = 4.89304E+00
