*** transform info ***
phi = 2.91866E+01
dx  = 3.64871E+00
dy  = -1.73964E+00
