*** transform info ***
phi = 7.98896E+01
dx  = 3.89661E+00
dy  = -1.21400E+00
