*** transform info ***
phi = 4.86321E+01
dx  = -4.53403E-01
dy  = -2.17296E+00
