*** transform info ***
phi = 5.69779E+01
dx  = -1.80767E+00
dy  = -5.54677E-01
