*** transform info ***
phi = 1.13371E+02
dx  = -5.62328E+00
dy  = -2.02228E+00
