*** transform info ***
phi = 3.17035E+00
dx  = -1.96874E+00
dy  = 3.74632E+00
