*** transform info ***
phi = 1.17445E+02
dx  = 4.80378E+00
dy  = -1.53726E+00
