*** transform info ***
phi = 1.72200E+02
dx  = 7.26905E+00
dy  = 3.15321E+00
