*** transform info ***
phi = 6.65088E+01
dx  = 3.76336E+00
dy  = -1.56813E+00
