*** transform info ***
phi = 7.68822E+01
dx  = 2.77092E+00
dy  = 2.56215E+00
