*** transform info ***
phi = 8.47266E+00
dx  = -4.33480E+00
dy  = 3.32298E+00
