*** transform info ***
phi = 9.36103E+01
dx  = 4.94277E+00
dy  = -4.57428E-01
