*** transform info ***
phi = 3.21803E+01
dx  = -7.46623E-01
dy  = 4.33178E+00
