*** transform info ***
phi = 1.58281E+02
dx  = 1.60748E+00
dy  = -3.15423E+00
