*** transform info ***
phi = 8.44801E+01
dx  = -4.51862E+00
dy  = 1.59460E+00
