*** transform info ***
phi = 4.86649E+01
dx  = -7.17969E-02
dy  = 5.54646E+00
