*** transform info ***
phi = 1.54243E+02
dx  = -5.38635E+00
dy  = -6.39275E+00
