*** transform info ***
phi = 4.98383E+01
dx  = 2.16014E+00
dy  = 6.78149E+00
