*** transform info ***
phi = 1.69805E+02
dx  = 6.21653E+00
dy  = 4.17806E+00
