*** transform info ***
phi = 5.76351E+01
dx  = 6.53649E+00
dy  = 3.47208E+00
