*** transform info ***
phi = 1.27995E+02
dx  = -4.16489E+00
dy  = 7.21359E-01
