*** transform info ***
phi = 1.68040E+02
dx  = -5.70412E+00
dy  = 1.42027E+00
