*** transform info ***
phi = 4.46543E+01
dx  = -6.94393E-01
dy  = -5.96090E+00
