*** transform info ***
phi = 1.57695E+02
dx  = -5.87946E+00
dy  = -1.48846E+00
