*** transform info ***
phi = 1.41195E+02
dx  = 2.49781E-01
dy  = 2.04657E+00
