*** transform info ***
phi = 1.56169E+02
dx  = 3.61693E+00
dy  = -2.17909E+00
