*** transform info ***
phi = 9.34461E+00
dx  = -1.34850E+00
dy  = -2.83942E+00
