*** transform info ***
phi = 1.52624E+02
dx  = -7.84559E+00
dy  = 2.71622E+00
