*** transform info ***
phi = 6.77384E+01
dx  = 1.68195E+00
dy  = 2.81296E+00
