*** transform info ***
phi = 1.56186E+02
dx  = 1.41212E-01
dy  = -2.92346E+00
