*** transform info ***
phi = 1.65368E+02
dx  = -2.71610E-01
dy  = 2.88368E+00
