*** transform info ***
phi = 6.78169E+01
dx  = -1.91607E+00
dy  = -5.03444E+00
