*** transform info ***
phi = 1.52619E+02
dx  = 6.23970E+00
dy  = 2.00229E+00
