*** transform info ***
phi = 2.30094E+01
dx  = -1.80921E+00
dy  = -4.14190E-01
