*** transform info ***
phi = 1.34358E+02
dx  = -1.57252E+00
dy  = -5.81282E+00
