*** transform info ***
phi = 1.23280E+02
dx  = 1.34569E+00
dy  = -4.04141E+00
