*** transform info ***
phi = 9.18916E+00
dx  = -2.13237E+00
dy  = -5.47236E-01
