*** transform info ***
phi = 5.28743E+01
dx  = -3.50726E+00
dy  = -2.88290E+00
