*** transform info ***
phi = 8.42581E+01
dx  = -5.83068E+00
dy  = 3.62852E+00
