*** transform info ***
phi = 6.89526E+01
dx  = -4.03771E+00
dy  = 3.72789E+00
