*** transform info ***
phi = 1.37214E+02
dx  = -4.92188E+00
dy  = 1.05661E+00
