*** transform info ***
phi = 3.74418E+00
dx  = -1.48824E+00
dy  = 3.34662E+00
