*** transform info ***
phi = 2.34955E+01
dx  = 8.17335E-01
dy  = -3.77703E+00
