*** transform info ***
phi = 1.40944E+02
dx  = -6.78981E+00
dy  = -8.06706E-01
