*** transform info ***
phi = 1.54977E+02
dx  = 6.28677E+00
dy  = -1.09048E+00
