*** transform info ***
phi = 1.53062E+02
dx  = -6.32827E+00
dy  = -5.80232E+00
