*** transform info ***
phi = 1.22360E+02
dx  = -3.82930E+00
dy  = 7.73064E-01
