*** transform info ***
phi = 5.45033E+01
dx  = -4.77496E+00
dy  = 2.14468E+00
