*** transform info ***
phi = 8.45065E+01
dx  = -3.22329E+00
dy  = 4.25288E+00
