*** transform info ***
phi = 7.30156E+01
dx  = -7.01636E+00
dy  = -9.53663E-01
