*** transform info ***
phi = 4.05553E+01
dx  = 3.28618E+00
dy  = 2.91485E+00
