*** transform info ***
phi = 3.49091E+01
dx  = 1.23020E+00
dy  = 2.06707E+00
