*** transform info ***
phi = 5.99250E+01
dx  = 2.74899E+00
dy  = 5.75734E-01
