*** transform info ***
phi = 6.21732E+01
dx  = 5.03477E+00
dy  = 6.93408E+00
