*** transform info ***
phi = 1.50533E+02
dx  = -7.16407E+00
dy  = 1.22740E+00
