*** transform info ***
phi = 1.44386E+02
dx  = -3.29616E+00
dy  = 6.46299E+00
