*** transform info ***
phi = 1.47265E+02
dx  = 6.90385E+00
dy  = 2.51299E+00
