*** transform info ***
phi = 1.72724E+02
dx  = 2.66836E+00
dy  = -1.61563E+00
