*** transform info ***
phi = 1.24924E+02
dx  = -6.23370E+00
dy  = -1.17000E-01
