*** transform info ***
phi = 7.53021E+01
dx  = 8.61183E-01
dy  = -2.15318E+00
