*** transform info ***
phi = 6.61554E+01
dx  = 7.22352E+00
dy  = 5.83693E+00
