*** transform info ***
phi = 3.91713E+00
dx  = 4.73567E+00
dy  = 3.63657E+00
