*** transform info ***
phi = 3.09335E+00
dx  = 6.81631E+00
dy  = 1.82640E-01
