*** transform info ***
phi = 1.64011E+02
dx  = 6.62520E+00
dy  = 5.68794E+00
