*** transform info ***
phi = 4.91693E+01
dx  = 4.37540E+00
dy  = -3.35190E+00
