*** transform info ***
phi = 7.43344E+01
dx  = -6.18304E+00
dy  = 5.24901E+00
