*** transform info ***
phi = 5.46194E+01
dx  = 1.13707E-01
dy  = 2.51258E+00
