*** transform info ***
phi = 8.74370E+01
dx  = 5.67499E+00
dy  = -3.60068E+00
