*** transform info ***
phi = 3.52601E+01
dx  = 5.48257E+00
dy  = 1.40334E+00
