*** transform info ***
phi = 9.45787E+01
dx  = -1.61145E+00
dy  = 2.61387E+00
