*** transform info ***
phi = 1.46794E+02
dx  = 1.79036E-01
dy  = -4.96776E+00
