*** transform info ***
phi = 1.77667E+02
dx  = 1.35431E+00
dy  = 1.23407E+00
