*** transform info ***
phi = 1.08084E+02
dx  = 3.65295E+00
dy  = -1.78508E+00
