*** transform info ***
phi = 1.56393E+02
dx  = 2.96586E-01
dy  = 2.60237E+00
