*** transform info ***
phi = 1.36432E+02
dx  = -4.30016E+00
dy  = -1.36143E+00
