*** transform info ***
phi = 5.01971E+01
dx  = -5.42065E+00
dy  = -1.79787E+00
