*** transform info ***
phi = 1.71937E+02
dx  = -6.26272E+00
dy  = -1.31722E+00
