*** transform info ***
phi = 1.51745E+02
dx  = -6.72326E+00
dy  = -3.09992E+00
