*** transform info ***
phi = 1.30454E+02
dx  = -5.28588E+00
dy  = 2.08797E+00
