*** transform info ***
phi = 1.15511E+02
dx  = -5.29121E+00
dy  = -1.84987E+00
