*** transform info ***
phi = 8.18900E+01
dx  = -2.15948E+00
dy  = -1.67967E+00
