*** transform info ***
phi = 1.23489E+02
dx  = 1.79749E+00
dy  = 4.76175E-01
