*** transform info ***
phi = 8.00306E+01
dx  = 3.47707E+00
dy  = 2.49884E+00
