*** transform info ***
phi = 1.20505E+02
dx  = -1.70840E-01
dy  = 1.63049E+00
