*** transform info ***
phi = 2.80188E+00
dx  = 7.13309E-01
dy  = -4.30930E-01
