*** transform info ***
phi = 1.59414E+02
dx  = 2.79681E+00
dy  = 3.63197E+00
