*** transform info ***
phi = 1.28084E+02
dx  = -4.65936E+00
dy  = -3.40048E-02
