*** transform info ***
phi = 5.18196E+01
dx  = 2.59050E+00
dy  = -2.17552E+00
