*** transform info ***
phi = 2.38943E+01
dx  = -1.09516E+00
dy  = -3.36974E+00
