*** transform info ***
phi = 6.46084E+01
dx  = -2.71658E-01
dy  = 3.06710E+00
