*** transform info ***
phi = 1.47902E+02
dx  = -8.69298E-01
dy  = 5.00934E+00
