*** transform info ***
phi = 1.70332E+02
dx  = 7.02309E+00
dy  = -1.48051E+00
