*** transform info ***
phi = 1.63272E+02
dx  = 5.21638E+00
dy  = 1.41174E+00
