*** transform info ***
phi = 4.88176E+01
dx  = -1.37548E+00
dy  = -5.79122E+00
