*** transform info ***
phi = 2.85795E+01
dx  = 2.89312E+00
dy  = -2.02675E+00
