*** transform info ***
phi = 1.74765E+02
dx  = -2.24064E+00
dy  = -6.23773E-02
