*** transform info ***
phi = 1.47892E+02
dx  = 3.77238E+00
dy  = 3.50944E+00
