*** transform info ***
phi = 7.30195E+01
dx  = -2.74586E+00
dy  = 3.31458E+00
