*** transform info ***
phi = 9.19367E+01
dx  = 1.90516E+00
dy  = -1.39707E-01
