*** transform info ***
phi = 5.20856E+01
dx  = 2.81991E+00
dy  = 5.05544E+00
