*** transform info ***
phi = 7.74097E+01
dx  = -6.98491E+00
dy  = 3.99690E+00
