*** transform info ***
phi = 1.32190E+02
dx  = 3.39752E+00
dy  = -4.13153E-01
