*** transform info ***
phi = 6.06784E+01
dx  = -4.47396E+00
dy  = -8.24397E-01
