*** transform info ***
phi = 1.46569E+02
dx  = -7.53868E+00
dy  = 6.10564E-01
