*** transform info ***
phi = 1.53152E+01
dx  = 1.37288E+00
dy  = -1.06383E+00
