*** transform info ***
phi = 1.23732E+02
dx  = -2.91915E+00
dy  = 8.86614E-01
