*** transform info ***
phi = 1.63254E+01
dx  = -3.58552E-01
dy  = 4.19435E+00
