*** transform info ***
phi = 1.89273E+00
dx  = -2.70423E+00
dy  = -6.58013E-01
