*** transform info ***
phi = 7.82130E+01
dx  = 3.44833E+00
dy  = 4.51001E-01
