*** transform info ***
phi = 1.79462E+02
dx  = -3.03920E-01
dy  = 3.89874E+00
