*** transform info ***
phi = 1.54188E+02
dx  = 4.74958E+00
dy  = -5.91244E+00
