*** transform info ***
phi = 1.55099E+02
dx  = 4.06850E+00
dy  = 5.75051E+00
