*** transform info ***
phi = 5.00974E+01
dx  = 5.88457E+00
dy  = 2.61125E+00
