*** transform info ***
phi = 1.37718E+02
dx  = 3.91053E+00
dy  = 1.60946E+00
