*** transform info ***
phi = 8.12189E+01
dx  = 4.42021E+00
dy  = -3.45865E+00
