*** transform info ***
phi = 5.75009E+01
dx  = 4.90889E+00
dy  = 6.65556E-01
