*** transform info ***
phi = 1.48554E+02
dx  = -6.21217E-01
dy  = 2.12752E+00
