*** transform info ***
phi = 1.48659E+02
dx  = -9.18434E-01
dy  = 3.78580E+00
