*** transform info ***
phi = 8.50570E+01
dx  = -7.83880E+00
dy  = -8.55806E-01
