*** transform info ***
phi = 7.32557E+01
dx  = 1.47744E+00
dy  = 2.68722E+00
