*** transform info ***
phi = 1.64660E+02
dx  = 5.59272E+00
dy  = -5.25437E+00
