*** transform info ***
phi = 1.16723E+02
dx  = -1.01041E+00
dy  = -1.56075E-02
