*** transform info ***
phi = 3.13594E+01
dx  = 5.22720E+00
dy  = -8.41015E-01
