*** transform info ***
phi = 9.22481E+01
dx  = -3.72329E+00
dy  = -3.31446E+00
