*** transform info ***
phi = 1.11936E+02
dx  = 1.52327E+00
dy  = -3.66841E+00
