*** transform info ***
phi = 9.81245E+01
dx  = -2.91713E+00
dy  = -3.50072E+00
