*** transform info ***
phi = 1.59474E+02
dx  = -6.10613E+00
dy  = 3.17475E+00
