*** transform info ***
phi = 1.02360E+02
dx  = -5.64393E+00
dy  = 3.95850E-01
