*** transform info ***
phi = 1.37788E+02
dx  = 3.80554E+00
dy  = -3.32195E+00
