*** transform info ***
phi = 6.95373E+01
dx  = -3.13086E+00
dy  = -2.26860E+00
