*** transform info ***
phi = 1.46071E+02
dx  = 2.71002E+00
dy  = -7.06033E+00
