*** transform info ***
phi = 1.40484E+02
dx  = -4.19014E+00
dy  = 4.18997E+00
