*** transform info ***
phi = 1.43817E+01
dx  = 1.20874E+00
dy  = 4.38843E-01
