*** transform info ***
phi = 8.30160E+01
dx  = -6.51328E+00
dy  = 3.02353E+00
