*** transform info ***
phi = 3.71793E+01
dx  = 3.49616E+00
dy  = 3.26508E+00
