*** transform info ***
phi = 8.40559E+01
dx  = -5.20326E+00
dy  = 2.99221E+00
