*** transform info ***
phi = 1.69708E+02
dx  = 3.49212E+00
dy  = 2.14533E+00
