*** transform info ***
phi = 8.31014E+01
dx  = 7.04136E+00
dy  = -5.02705E+00
