*** transform info ***
phi = 1.43460E+02
dx  = 2.09291E+00
dy  = 1.41917E+00
