*** transform info ***
phi = 1.48182E+02
dx  = 2.08108E+00
dy  = -4.07488E+00
