*** transform info ***
phi = 2.97901E+01
dx  = 9.27214E-01
dy  = 4.24472E+00
