*** transform info ***
phi = 7.83583E+00
dx  = -4.89732E+00
dy  = -2.32550E+00
