*** transform info ***
phi = 1.18142E+02
dx  = 7.35859E+00
dy  = -4.56602E-01
