*** transform info ***
phi = 1.26394E+02
dx  = -1.31495E+00
dy  = 1.40344E+00
