*** transform info ***
phi = 1.53208E+02
dx  = 4.05171E+00
dy  = -6.44926E+00
