*** transform info ***
phi = 1.53859E+01
dx  = 1.85441E+00
dy  = 2.58763E+00
