*** transform info ***
phi = 5.86959E+01
dx  = 4.46668E-01
dy  = -2.90936E+00
