*** transform info ***
phi = 6.21728E+00
dx  = 6.68425E+00
dy  = 3.56742E+00
