*** transform info ***
phi = 3.77522E+01
dx  = -3.99157E+00
dy  = -2.56818E+00
