*** transform info ***
phi = 1.50361E+02
dx  = -7.23767E+00
dy  = 2.50088E-01
