*** transform info ***
phi = 1.30305E+02
dx  = 4.84077E+00
dy  = -1.65693E+00
