*** transform info ***
phi = 8.40471E+01
dx  = 6.25824E+00
dy  = 5.90924E-01
