*** transform info ***
phi = 7.44743E+01
dx  = 6.93057E+00
dy  = -1.74083E+00
