*** transform info ***
phi = 6.13315E+01
dx  = 1.79916E-01
dy  = -2.41004E+00
