*** transform info ***
phi = 1.51083E+02
dx  = -4.03801E+00
dy  = -9.23737E-01
