*** transform info ***
phi = 5.55972E+01
dx  = -2.41611E-01
dy  = 1.89367E+00
