*** transform info ***
phi = 1.38588E+02
dx  = 6.05058E+00
dy  = -1.90678E+00
