*** transform info ***
phi = 7.38188E+01
dx  = 5.97351E+00
dy  = -2.70111E-01
