*** transform info ***
phi = 5.20423E+00
dx  = -3.89975E+00
dy  = -1.75700E+00
