*** transform info ***
phi = 3.45963E+00
dx  = -7.73410E+00
dy  = 2.02654E-01
