*** transform info ***
phi = 3.10970E+01
dx  = 1.29929E-01
dy  = -4.19401E+00
