*** transform info ***
phi = 1.78998E+02
dx  = -1.65502E+00
dy  = -3.33331E+00
