*** transform info ***
phi = 1.13264E+02
dx  = -7.42670E+00
dy  = -5.22190E-02
