*** transform info ***
phi = 1.51026E+02
dx  = 3.37864E+00
dy  = 5.67110E+00
