*** transform info ***
phi = 1.31186E+01
dx  = 1.48168E+00
dy  = 1.17787E+00
