*** transform info ***
phi = 1.35907E+02
dx  = -6.41524E+00
dy  = -1.20882E+00
