*** transform info ***
phi = 8.17174E+00
dx  = 5.85189E+00
dy  = -2.31097E+00
