*** transform info ***
phi = 1.31159E+02
dx  = -4.57927E+00
dy  = -1.53844E+00
