*** transform info ***
phi = 9.87734E+01
dx  = -4.80682E-01
dy  = 2.10000E+00
