*** transform info ***
phi = 1.28413E+02
dx  = 2.48388E+00
dy  = 3.95962E+00
