*** transform info ***
phi = 1.02021E+02
dx  = 3.09839E+00
dy  = 9.32442E-02
