*** transform info ***
phi = 1.11367E+02
dx  = 7.79685E+00
dy  = 2.11224E-01
