*** transform info ***
phi = 6.92756E+01
dx  = -7.25127E+00
dy  = -2.92858E+00
