*** transform info ***
phi = 5.30360E+01
dx  = 2.52251E+00
dy  = -3.62421E+00
