*** transform info ***
phi = 3.67180E+01
dx  = 1.71961E+00
dy  = -1.69003E+00
