*** transform info ***
phi = 1.10759E+01
dx  = -1.11514E+00
dy  = 2.49879E+00
