*** transform info ***
phi = 8.13166E+01
dx  = 4.68233E+00
dy  = 2.34002E+00
