*** transform info ***
phi = 8.08116E+01
dx  = 7.15407E+00
dy  = -2.43840E+00
