*** transform info ***
phi = 1.73378E+02
dx  = 7.18030E+00
dy  = 3.03799E-01
