*** transform info ***
phi = 1.50351E+02
dx  = -7.99961E-01
dy  = 3.43364E+00
