*** transform info ***
phi = 1.69853E+02
dx  = -3.84984E+00
dy  = 1.75835E+00
