*** transform info ***
phi = 1.76149E+01
dx  = -3.73338E-01
dy  = 1.96446E+00
