*** transform info ***
phi = 1.22953E-01
dx  = 3.69144E+00
dy  = 3.76023E+00
