*** transform info ***
phi = 6.42344E+01
dx  = 3.60871E+00
dy  = -3.40806E-01
