*** transform info ***
phi = 3.04093E+01
dx  = -2.33134E+00
dy  = -9.41796E-01
