*** transform info ***
phi = 1.14895E+02
dx  = -3.53339E+00
dy  = -3.01072E+00
