*** transform info ***
phi = 1.27535E+01
dx  = 1.37703E+00
dy  = -4.40762E-01
