*** transform info ***
phi = 7.51526E+01
dx  = -7.85919E-01
dy  = -1.34823E+00
