*** transform info ***
phi = 9.42751E+00
dx  = 3.05902E+00
dy  = -2.61754E+00
