*** transform info ***
phi = 7.42986E+01
dx  = -1.07448E+00
dy  = 3.60945E+00
