*** transform info ***
phi = 2.03321E+01
dx  = -3.95919E+00
dy  = -2.00515E+00
