*** transform info ***
phi = 6.08255E+01
dx  = 7.61924E+00
dy  = 1.30708E+00
