*** transform info ***
phi = 1.68463E+02
dx  = 2.22144E+00
dy  = 2.76732E+00
