*** transform info ***
phi = 1.49719E+02
dx  = -2.39006E+00
dy  = -3.19666E+00
