*** transform info ***
phi = 1.21801E+02
dx  = 1.67730E+00
dy  = 1.60545E+00
