*** transform info ***
phi = 1.28440E+02
dx  = 3.45613E-01
dy  = -2.85516E+00
