*** transform info ***
phi = 1.21559E+02
dx  = 3.34674E+00
dy  = 1.07552E+00
