*** transform info ***
phi = 2.08935E+01
dx  = -9.66507E-01
dy  = 1.97563E+00
