*** transform info ***
phi = 3.95446E+00
dx  = 1.32044E+00
dy  = 3.57875E+00
