*** transform info ***
phi = 6.41177E+01
dx  = -5.09430E+00
dy  = 3.69077E+00
