*** transform info ***
phi = 1.54680E+02
dx  = 4.55915E+00
dy  = -1.24650E-01
