*** transform info ***
phi = 5.06345E+01
dx  = -8.94356E-01
dy  = 4.06010E+00
