*** transform info ***
phi = 1.38404E+02
dx  = 5.89731E+00
dy  = -2.08941E+00
