*** transform info ***
phi = 4.24928E+00
dx  = 1.93304E+00
dy  = 4.06371E-01
