*** transform info ***
phi = 4.54758E+01
dx  = 1.84554E+00
dy  = 4.59937E+00
