*** transform info ***
phi = 1.49252E+02
dx  = -5.67723E+00
dy  = -4.81823E+00
