*** transform info ***
phi = 1.60325E+01
dx  = 2.85863E+00
dy  = 2.49175E+00
