*** transform info ***
phi = 1.16345E+02
dx  = 5.09117E-02
dy  = 3.94102E+00
