*** transform info ***
phi = 8.41869E+01
dx  = -7.83972E-02
dy  = -1.08214E+00
