*** transform info ***
phi = 6.69560E-01
dx  = 2.50846E+00
dy  = 4.49125E+00
