*** transform info ***
phi = 1.07552E+02
dx  = 2.28861E+00
dy  = -2.96198E+00
