*** transform info ***
phi = 8.33308E+01
dx  = 2.99988E+00
dy  = -2.14796E+00
