*** transform info ***
phi = 1.58770E+02
dx  = 6.83635E+00
dy  = 3.21114E+00
