*** transform info ***
phi = 8.68955E+01
dx  = 3.92495E+00
dy  = -2.37925E+00
