*** transform info ***
phi = 6.52036E+01
dx  = -1.73558E+00
dy  = -4.78242E+00
