*** transform info ***
phi = 5.39819E+01
dx  = -1.90696E+00
dy  = 6.40484E+00
