*** transform info ***
phi = 1.26184E+02
dx  = -9.12752E-01
dy  = -1.65693E+00
