*** transform info ***
phi = 5.87367E+01
dx  = -4.48124E+00
dy  = -5.69574E+00
