*** transform info ***
phi = 1.52257E+02
dx  = 5.88017E+00
dy  = -6.95219E+00
