*** transform info ***
phi = 7.03291E+01
dx  = -4.00014E+00
dy  = 5.82340E+00
