*** transform info ***
phi = 1.65724E+02
dx  = -7.24352E+00
dy  = -3.65436E+00
