*** transform info ***
phi = 2.94269E+01
dx  = 5.22284E+00
dy  = 1.09070E+00
