*** transform info ***
phi = 4.57476E+01
dx  = -2.51632E-01
dy  = 4.61935E+00
