*** transform info ***
phi = 6.34733E+01
dx  = 7.37404E+00
dy  = -2.70421E+00
