*** transform info ***
phi = 5.46521E+01
dx  = 9.33564E-01
dy  = 3.59240E+00
