*** transform info ***
phi = 7.13674E+01
dx  = -1.73128E+00
dy  = 4.09356E+00
