*** transform info ***
phi = 1.36346E+02
dx  = -1.22864E+00
dy  = -6.85556E+00
