*** transform info ***
phi = 5.93500E+01
dx  = 4.10529E+00
dy  = -7.59123E+00
