*** transform info ***
phi = 3.67177E+01
dx  = -3.49666E-01
dy  = 3.56993E+00
