*** transform info ***
phi = 1.72035E+02
dx  = 5.12057E-01
dy  = 8.46506E-01
