*** transform info ***
phi = 1.77667E+02
dx  = -4.25916E+00
dy  = 4.87269E+00
