*** transform info ***
phi = 1.32275E+02
dx  = -1.15099E+00
dy  = 2.96920E+00
