*** transform info ***
phi = 4.47378E+01
dx  = 5.39316E+00
dy  = -1.60039E+00
