*** transform info ***
phi = 1.11224E+02
dx  = 1.50975E-01
dy  = -4.21123E+00
