*** transform info ***
phi = 8.64915E+01
dx  = 5.88679E+00
dy  = 1.00700E+00
