*** transform info ***
phi = 1.34696E+02
dx  = -1.16766E+00
dy  = 2.94020E+00
