*** transform info ***
phi = 1.59323E+02
dx  = -3.18628E+00
dy  = -4.25553E+00
