*** transform info ***
phi = 5.21816E+01
dx  = -3.84215E+00
dy  = 1.29433E+00
