*** transform info ***
phi = 1.53473E+02
dx  = -5.89113E+00
dy  = 3.82403E+00
