*** transform info ***
phi = 5.56777E+01
dx  = 1.19436E+00
dy  = -3.97543E+00
