*** transform info ***
phi = 1.77543E+02
dx  = 6.96368E+00
dy  = -1.30559E+00
