*** transform info ***
phi = 1.45316E+02
dx  = 7.48300E+00
dy  = 3.72619E-01
