*** transform info ***
phi = 1.37439E+02
dx  = 5.20152E+00
dy  = -2.64195E+00
