*** transform info ***
phi = 2.86488E+01
dx  = 3.96747E+00
dy  = -1.02128E+00
