*** transform info ***
phi = 2.82541E+01
dx  = 1.28432E-01
dy  = 5.03347E-02
