*** transform info ***
phi = 6.38723E+01
dx  = 3.84089E+00
dy  = -1.73855E+00
