*** transform info ***
phi = 5.96848E+01
dx  = 1.27543E+00
dy  = -1.30465E-01
