*** transform info ***
phi = 2.39188E+01
dx  = -4.70830E+00
dy  = 2.55365E+00
