*** transform info ***
phi = 1.33806E+02
dx  = 3.02650E+00
dy  = 1.40361E+00
