*** transform info ***
phi = 9.35645E+00
dx  = -6.10926E+00
dy  = 5.53497E-01
