*** transform info ***
phi = 6.19730E+01
dx  = -1.57697E+00
dy  = -3.32451E+00
