*** transform info ***
phi = 1.75813E+02
dx  = -7.16799E+00
dy  = 4.32916E+00
