*** transform info ***
phi = 7.38348E+01
dx  = -3.15133E+00
dy  = 5.15919E+00
