*** transform info ***
phi = 5.48675E+01
dx  = -6.96664E-01
dy  = 1.55118E+00
