*** transform info ***
phi = 6.35527E+01
dx  = 7.42572E+00
dy  = 4.59217E+00
