*** transform info ***
phi = 6.33798E+01
dx  = -5.69277E+00
dy  = -1.46357E+00
