*** transform info ***
phi = 1.32500E+02
dx  = -4.85357E-01
dy  = 5.75985E+00
