*** transform info ***
phi = 5.52772E+01
dx  = -1.75559E+00
dy  = 2.94854E+00
