*** transform info ***
phi = 8.96780E+01
dx  = -6.15232E-01
dy  = 2.20656E+00
