*** transform info ***
phi = 6.97665E+01
dx  = 6.71327E+00
dy  = -3.27060E+00
