*** transform info ***
phi = 8.24532E+01
dx  = 7.02849E+00
dy  = 1.53976E+00
