*** transform info ***
phi = 5.17149E+01
dx  = 4.05910E+00
dy  = -4.69331E+00
