*** transform info ***
phi = 1.43010E+01
dx  = 4.06333E+00
dy  = -2.85813E-02
