*** transform info ***
phi = 1.68400E+02
dx  = -1.15491E+00
dy  = -2.95011E+00
