*** transform info ***
phi = 3.12282E+00
dx  = 4.80747E+00
dy  = -1.84506E+00
