*** transform info ***
phi = 3.20369E+01
dx  = 3.42157E+00
dy  = -2.78033E+00
