*** transform info ***
phi = 1.44917E+02
dx  = -6.78751E+00
dy  = -2.72129E-02
