*** transform info ***
phi = 1.49187E+02
dx  = -7.59239E+00
dy  = 1.23568E+00
