*** transform info ***
phi = 5.04792E+01
dx  = 2.14708E+00
dy  = 2.13636E+00
