*** transform info ***
phi = 7.56194E+01
dx  = -7.90163E+00
dy  = 1.37454E+00
