*** transform info ***
phi = 6.73444E+01
dx  = 4.31873E+00
dy  = 8.76511E-01
