*** transform info ***
phi = 3.76578E+01
dx  = 7.73265E+00
dy  = -9.41681E-02
