*** transform info ***
phi = 1.06880E+02
dx  = -6.35351E+00
dy  = -1.20358E+00
