*** transform info ***
phi = 1.77039E+02
dx  = -5.18151E+00
dy  = -2.66200E+00
