*** transform info ***
phi = 1.65698E+00
dx  = 1.14198E+00
dy  = -6.63295E-01
