*** transform info ***
phi = 1.35597E+02
dx  = -7.92772E-01
dy  = -5.22041E+00
