*** transform info ***
phi = 7.43233E+01
dx  = -2.46501E+00
dy  = 1.55053E+00
