*** transform info ***
phi = 1.59871E+00
dx  = 2.50198E+00
dy  = 4.44441E+00
