*** transform info ***
phi = 1.24967E+02
dx  = -1.84432E+00
dy  = -7.41409E-01
