*** transform info ***
phi = 1.30034E+02
dx  = 4.66260E+00
dy  = 2.14134E+00
