*** transform info ***
phi = 5.77290E+00
dx  = -1.51667E+00
dy  = -3.22028E+00
