*** transform info ***
phi = 6.71277E+01
dx  = -6.46856E+00
dy  = 6.36913E+00
