*** transform info ***
phi = 6.78173E+01
dx  = -2.33507E+00
dy  = -4.51347E+00
