*** transform info ***
phi = 5.96888E+01
dx  = 5.08398E+00
dy  = -4.09769E+00
