*** transform info ***
phi = 1.02882E+02
dx  = -2.14158E+00
dy  = -2.85665E+00
