*** transform info ***
phi = 1.83775E+01
dx  = 7.35762E+00
dy  = 1.39479E+00
