*** transform info ***
phi = 8.39321E+01
dx  = 2.36646E+00
dy  = -2.41836E+00
