*** transform info ***
phi = 5.95874E+01
dx  = -1.65288E+00
dy  = -1.02121E+00
