*** transform info ***
phi = 1.49399E+02
dx  = 4.79022E+00
dy  = 2.41238E+00
