*** transform info ***
phi = 1.51061E+00
dx  = 8.27699E-01
dy  = 3.68030E-01
