*** transform info ***
phi = 1.52680E+02
dx  = -4.49343E+00
dy  = 3.45885E+00
