*** transform info ***
phi = 1.44736E+02
dx  = -1.14255E+00
dy  = -1.69865E+00
