*** transform info ***
phi = 6.87429E+01
dx  = 5.92280E+00
dy  = 3.56791E+00
