*** transform info ***
phi = 1.19210E+01
dx  = 7.27925E+00
dy  = 1.80995E+00
