*** transform info ***
phi = 6.55782E+01
dx  = -4.54235E+00
dy  = 4.84254E-01
