*** transform info ***
phi = 2.51462E+01
dx  = 2.57383E-01
dy  = 7.74400E-01
