*** transform info ***
phi = 1.32673E+02
dx  = 9.83068E-01
dy  = -4.62742E+00
