*** transform info ***
phi = 5.55205E+01
dx  = 2.67398E-01
dy  = -2.71064E-02
