*** transform info ***
phi = 8.70317E+01
dx  = -5.39678E+00
dy  = -4.95831E+00
