*** transform info ***
phi = 2.55553E+01
dx  = 7.48669E+00
dy  = 7.52585E-01
