*** transform info ***
phi = 6.25222E+00
dx  = 4.38075E+00
dy  = 7.18471E-01
