*** transform info ***
phi = 2.44032E+01
dx  = -4.06214E-02
dy  = 3.10502E+00
