*** transform info ***
phi = 8.48141E+01
dx  = 7.27753E+00
dy  = 2.67707E+00
