*** transform info ***
phi = 1.47764E+02
dx  = -2.75869E+00
dy  = 1.92576E+00
