*** transform info ***
phi = 9.83170E+01
dx  = -5.58806E+00
dy  = -1.52222E+00
