*** transform info ***
phi = 1.42099E+02
dx  = -1.69670E+00
dy  = -1.15254E+00
