*** transform info ***
phi = 1.37909E+02
dx  = -3.05475E+00
dy  = 5.44060E+00
