*** transform info ***
phi = 1.31804E+02
dx  = -2.65999E+00
dy  = -2.86398E+00
