*** transform info ***
phi = 7.63716E+01
dx  = -5.47403E+00
dy  = 1.23972E+00
