*** transform info ***
phi = 6.86945E+01
dx  = -6.26446E+00
dy  = -4.03509E+00
