*** transform info ***
phi = 1.65943E+02
dx  = 1.44902E+00
dy  = -2.68819E+00
