*** transform info ***
phi = 1.22148E+02
dx  = -6.38335E+00
dy  = -5.46815E-02
