*** transform info ***
phi = 8.64438E+01
dx  = 7.58655E+00
dy  = -4.38099E+00
