*** transform info ***
phi = 6.59193E+01
dx  = -4.95505E+00
dy  = 4.33169E+00
