*** transform info ***
phi = 6.84334E+01
dx  = -2.44046E+00
dy  = 1.88013E-01
