*** transform info ***
phi = 1.29026E+02
dx  = -6.85194E-01
dy  = 3.30001E+00
