*** transform info ***
phi = 8.93962E+01
dx  = 3.91090E+00
dy  = -1.71426E+00
