*** transform info ***
phi = 6.72264E+01
dx  = -6.57553E+00
dy  = 5.48074E+00
