*** transform info ***
phi = 1.75315E+02
dx  = 3.01117E+00
dy  = -3.68143E+00
