*** transform info ***
phi = 1.51006E+02
dx  = 7.60158E+00
dy  = -2.88784E+00
