*** transform info ***
phi = 5.73252E+01
dx  = 1.79944E+00
dy  = 4.26394E+00
