*** transform info ***
phi = 6.44295E+01
dx  = 2.11325E+00
dy  = -3.88059E+00
