*** transform info ***
phi = 1.40618E+02
dx  = -1.96036E+00
dy  = -1.39817E+00
