*** transform info ***
phi = 5.97234E-01
dx  = 3.31274E+00
dy  = -4.40790E+00
