*** transform info ***
phi = 5.14892E+01
dx  = 7.07577E+00
dy  = 8.22882E-01
