*** transform info ***
phi = 3.72440E+01
dx  = 6.01432E+00
dy  = -1.70578E+00
