*** transform info ***
phi = 4.58477E+01
dx  = 2.25305E+00
dy  = 1.96506E+00
