*** transform info ***
phi = 8.81209E+00
dx  = 3.17734E+00
dy  = 7.42538E-01
