*** transform info ***
phi = 1.32480E+02
dx  = -4.02388E+00
dy  = 4.56349E-01
