*** transform info ***
phi = 8.69630E+01
dx  = 4.72129E+00
dy  = -4.18063E+00
