*** transform info ***
phi = 3.60338E+01
dx  = -2.56744E+00
dy  = 1.35578E+00
