*** transform info ***
phi = 1.18038E+02
dx  = -6.93301E+00
dy  = 5.86506E-01
