*** transform info ***
phi = 8.56914E+01
dx  = 6.57323E+00
dy  = 9.17903E-01
