*** transform info ***
phi = 1.36385E+02
dx  = 4.40760E+00
dy  = 2.91867E+00
