*** transform info ***
phi = 9.86505E+00
dx  = -4.23593E+00
dy  = 1.07906E+00
