*** transform info ***
phi = 6.77857E+01
dx  = 6.10664E+00
dy  = -3.00043E+00
