*** transform info ***
phi = 1.60852E+02
dx  = 7.34690E+00
dy  = 4.23541E-01
