*** transform info ***
phi = 6.50032E+01
dx  = -5.26715E+00
dy  = -2.37384E-01
