*** transform info ***
phi = 6.26617E+01
dx  = 6.04829E+00
dy  = -2.50764E+00
