*** transform info ***
phi = 7.03423E+01
dx  = -4.49168E+00
dy  = -4.57047E+00
