*** transform info ***
phi = 1.48512E+02
dx  = 1.33849E+00
dy  = -2.72202E+00
