*** transform info ***
phi = 1.78895E+02
dx  = -3.06943E+00
dy  = -5.80982E-01
