*** transform info ***
phi = 1.02168E+02
dx  = 3.56899E+00
dy  = 1.77310E+00
