*** transform info ***
phi = 6.74319E+01
dx  = 5.68067E+00
dy  = -3.30130E+00
