*** transform info ***
phi = 1.60377E+02
dx  = 4.74038E+00
dy  = 4.73873E+00
