*** transform info ***
phi = 1.29630E+01
dx  = -5.08172E+00
dy  = 1.30259E+00
