*** transform info ***
phi = 1.24839E+02
dx  = 4.38910E+00
dy  = -2.15592E+00
