*** transform info ***
phi = 2.70065E+00
dx  = 1.13907E+00
dy  = -3.55364E+00
