*** transform info ***
phi = 1.32776E+02
dx  = 6.50020E+00
dy  = -4.04196E-01
