*** transform info ***
phi = 1.49760E+02
dx  = -5.16313E+00
dy  = -5.80074E+00
