*** transform info ***
phi = 5.23795E+01
dx  = -2.73048E+00
dy  = 1.80192E+00
