*** transform info ***
phi = 1.26305E+02
dx  = -7.34822E-02
dy  = 2.04781E+00
