*** transform info ***
phi = 9.51943E+01
dx  = 7.14463E+00
dy  = 4.49064E-01
