*** transform info ***
phi = 1.45829E+02
dx  = 3.11015E+00
dy  = 3.79595E+00
