*** transform info ***
phi = 5.47394E-01
dx  = 2.29165E+00
dy  = -8.36420E-01
