*** transform info ***
phi = 7.52382E+01
dx  = -4.13282E+00
dy  = 9.75306E-01
