*** transform info ***
phi = 1.69580E+01
dx  = -4.45732E-02
dy  = -1.37643E+00
