*** transform info ***
phi = 3.66141E+01
dx  = -1.26024E-01
dy  = -1.38591E+00
