*** transform info ***
phi = 1.44120E+02
dx  = 1.61717E+00
dy  = -1.29837E+00
