*** transform info ***
phi = 2.09077E+01
dx  = 5.38054E-01
dy  = -9.40578E-01
