*** transform info ***
phi = 1.41750E+02
dx  = 1.62704E+00
dy  = -7.72217E-01
