*** transform info ***
phi = 6.01082E+01
dx  = 4.80842E+00
dy  = 3.32439E+00
