*** transform info ***
phi = 3.16523E+01
dx  = -4.85525E+00
dy  = -1.49408E+00
