*** transform info ***
phi = 1.30113E+02
dx  = 6.20280E+00
dy  = 9.19612E-01
