*** transform info ***
phi = 6.91354E+01
dx  = 6.79267E+00
dy  = 2.96798E+00
