*** transform info ***
phi = 1.76327E+01
dx  = 5.63052E+00
dy  = -1.60158E+00
