*** transform info ***
phi = 4.34078E+00
dx  = -4.77484E+00
dy  = 7.34286E-01
