*** transform info ***
phi = 1.41274E+02
dx  = -1.15246E+00
dy  = 2.10864E+00
