*** transform info ***
phi = 7.48626E+01
dx  = -1.09131E-01
dy  = -3.91176E+00
