*** transform info ***
phi = 8.60499E+01
dx  = -3.09369E+00
dy  = -3.53598E+00
