*** transform info ***
phi = 7.58734E+01
dx  = 1.64161E+00
dy  = 4.58357E+00
