*** transform info ***
phi = 2.96425E+01
dx  = -8.81304E-02
dy  = -4.05026E+00
