*** transform info ***
phi = 2.34418E+01
dx  = 1.41108E+00
dy  = 2.81153E+00
