*** transform info ***
phi = 6.43240E+00
dx  = 3.34385E+00
dy  = -8.84981E-01
