*** transform info ***
phi = 6.31637E+01
dx  = 3.75542E+00
dy  = -4.40739E+00
