*** transform info ***
phi = 1.09217E+02
dx  = 4.79869E+00
dy  = -2.07982E+00
