*** transform info ***
phi = 1.00437E+02
dx  = 7.26575E+00
dy  = 3.38481E-01
