*** transform info ***
phi = 6.20158E+01
dx  = 6.56191E+00
dy  = 4.52386E-01
