*** transform info ***
phi = 1.13636E+02
dx  = -4.34389E+00
dy  = 1.56899E+00
