*** transform info ***
phi = 1.01075E+02
dx  = -7.68234E+00
dy  = 2.98152E-01
