*** transform info ***
phi = 8.25141E+01
dx  = -5.56198E+00
dy  = 2.21935E+00
