*** transform info ***
phi = 1.12954E+02
dx  = -1.55794E+00
dy  = -1.81448E+00
