*** transform info ***
phi = 8.67970E+01
dx  = -2.80449E+00
dy  = -1.93022E+00
