*** transform info ***
phi = 1.33569E+01
dx  = -1.65338E+00
dy  = -1.29403E+00
