*** transform info ***
phi = 1.70232E+02
dx  = -5.02973E+00
dy  = 3.60442E+00
