*** transform info ***
phi = 4.34455E+01
dx  = 4.99182E+00
dy  = -9.60121E-01
