*** transform info ***
phi = 1.48659E+02
dx  = -2.23409E+00
dy  = -6.25868E+00
