*** transform info ***
phi = 1.65324E+02
dx  = -6.38542E+00
dy  = 5.54609E+00
