*** transform info ***
phi = 1.58979E+02
dx  = -5.90310E+00
dy  = -1.52127E+00
