*** transform info ***
phi = 1.35017E+02
dx  = 1.75464E+00
dy  = 1.53802E+00
