*** transform info ***
phi = 8.21424E+01
dx  = 7.06171E+00
dy  = 7.11533E-01
