*** transform info ***
phi = 1.20696E+02
dx  = 9.58656E-01
dy  = -4.43568E-01
