*** transform info ***
phi = 1.77174E+02
dx  = 7.65990E+00
dy  = -2.95461E+00
