*** transform info ***
phi = 1.41564E+02
dx  = -3.45763E+00
dy  = 4.19024E+00
