*** transform info ***
phi = 1.51631E+02
dx  = 1.74959E+00
dy  = 1.07716E-01
