*** transform info ***
phi = 9.23346E+01
dx  = -5.20534E+00
dy  = -3.14873E+00
