*** transform info ***
phi = 1.55552E+02
dx  = -3.32241E+00
dy  = 5.72868E+00
