*** transform info ***
phi = 6.82948E+00
dx  = -2.00974E-01
dy  = -1.28887E+00
