*** transform info ***
phi = 4.12948E+01
dx  = -4.51083E+00
dy  = 1.60915E+00
