*** transform info ***
phi = 1.78903E+02
dx  = -6.83548E+00
dy  = -4.90190E+00
