*** transform info ***
phi = 7.93623E+01
dx  = -7.24484E-02
dy  = 2.97246E+00
