*** transform info ***
phi = 3.67545E+00
dx  = -2.08197E+00
dy  = 1.23229E+00
