*** transform info ***
phi = 1.50214E+02
dx  = 7.01031E+00
dy  = -2.93072E+00
