*** transform info ***
phi = 1.60151E+02
dx  = -6.97635E+00
dy  = 2.23975E+00
