*** transform info ***
phi = 1.78502E+02
dx  = 5.11447E+00
dy  = 3.70886E+00
