*** transform info ***
phi = 2.58311E+01
dx  = 1.26070E+00
dy  = 3.59307E+00
