*** transform info ***
phi = 6.25201E+01
dx  = -1.19165E+00
dy  = 3.84907E+00
