*** transform info ***
phi = 7.47247E+01
dx  = 2.30223E+00
dy  = 5.58035E-01
