*** transform info ***
phi = 1.46205E+02
dx  = -6.44878E+00
dy  = 1.91561E+00
