*** transform info ***
phi = 6.13985E+01
dx  = -5.27599E+00
dy  = -4.14320E-01
