*** transform info ***
phi = 1.01709E+02
dx  = 4.33007E+00
dy  = 2.66852E+00
