*** transform info ***
phi = 4.58581E+01
dx  = 4.94945E+00
dy  = -2.16354E+00
