*** transform info ***
phi = 1.49807E+02
dx  = -6.02126E+00
dy  = 2.93780E+00
