*** transform info ***
phi = 7.36444E+01
dx  = 1.34107E+00
dy  = 4.60975E+00
