*** transform info ***
phi = 9.04814E+01
dx  = -6.42236E+00
dy  = 2.40411E+00
