*** transform info ***
phi = 2.94680E+01
dx  = -4.01652E-01
dy  = -4.46970E+00
