*** transform info ***
phi = 8.64077E-01
dx  = 6.41970E+00
dy  = 9.95019E-01
