*** transform info ***
phi = 1.13502E+02
dx  = 2.71274E-01
dy  = -1.78281E+00
