*** transform info ***
phi = 9.00237E+01
dx  = 4.39887E+00
dy  = -1.62939E+00
