*** transform info ***
phi = 1.18008E+02
dx  = 3.02035E+00
dy  = 2.97996E+00
