*** transform info ***
phi = 1.33926E+02
dx  = -4.04403E+00
dy  = 4.17706E-01
