*** transform info ***
phi = 1.12111E+02
dx  = -5.17176E+00
dy  = -1.23694E+00
