*** transform info ***
phi = 5.55326E+01
dx  = -1.22472E-01
dy  = -2.95856E+00
