*** transform info ***
phi = 1.38619E+02
dx  = -6.71413E+00
dy  = 9.59078E-01
