*** transform info ***
phi = 1.03081E+02
dx  = -4.91097E+00
dy  = -2.81393E+00
