*** transform info ***
phi = 7.02886E+01
dx  = -6.35136E+00
dy  = -4.42268E+00
