*** transform info ***
phi = 6.89009E+01
dx  = 7.25643E+00
dy  = -3.81324E+00
