*** transform info ***
phi = 3.76607E+01
dx  = -1.43612E+00
dy  = -1.19318E+00
