*** transform info ***
phi = 1.69151E+02
dx  = 2.43728E+00
dy  = -2.19181E+00
