*** transform info ***
phi = 1.51486E+02
dx  = -7.05176E-01
dy  = -1.78840E+00
