*** transform info ***
phi = 1.49507E+02
dx  = 6.25023E+00
dy  = -2.95805E+00
