*** transform info ***
phi = 1.42709E+02
dx  = -6.14047E+00
dy  = 1.79407E+00
