*** transform info ***
phi = 7.77475E+01
dx  = 7.59908E+00
dy  = -1.20356E+00
