*** transform info ***
phi = 3.86515E+01
dx  = 6.03224E+00
dy  = 1.34859E+00
