*** transform info ***
phi = 1.57135E+02
dx  = 7.33583E+00
dy  = -2.19948E-01
