*** transform info ***
phi = 1.50044E+01
dx  = 1.67294E+00
dy  = 1.77065E+00
