*** transform info ***
phi = 1.04466E+02
dx  = -8.31444E-01
dy  = 9.51193E-01
