*** transform info ***
phi = 9.67336E+01
dx  = -5.15902E+00
dy  = -2.91955E+00
