*** transform info ***
phi = 8.19672E+01
dx  = 2.27792E-01
dy  = -4.56401E-01
