*** transform info ***
phi = 6.20554E+01
dx  = -6.25136E+00
dy  = -6.38879E+00
