*** transform info ***
phi = 4.08961E+01
dx  = 6.58489E+00
dy  = -7.85648E-01
