*** transform info ***
phi = 1.14971E+02
dx  = 5.37092E+00
dy  = -1.77919E+00
