*** transform info ***
phi = 1.57410E+00
dx  = -2.26002E+00
dy  = -1.57291E+00
