*** transform info ***
phi = 3.04974E+01
dx  = 3.03963E+00
dy  = -2.77384E+00
