*** transform info ***
phi = 5.52189E+01
dx  = 4.28755E+00
dy  = 3.50958E-01
