*** transform info ***
phi = 1.29683E+02
dx  = -4.78755E-01
dy  = -5.44587E+00
