*** transform info ***
phi = 9.91581E+01
dx  = -1.43787E+00
dy  = -3.15501E+00
