*** transform info ***
phi = 1.47690E+02
dx  = -3.33563E+00
dy  = 4.75905E+00
