*** transform info ***
phi = 9.58127E+01
dx  = 4.33850E-01
dy  = -1.36665E+00
