*** transform info ***
phi = 2.04801E+01
dx  = 1.91109E+00
dy  = 9.59604E-01
