*** transform info ***
phi = 9.79001E+01
dx  = -6.78306E+00
dy  = -2.13861E+00
