*** transform info ***
phi = 1.33394E+02
dx  = -3.74210E+00
dy  = 3.50464E+00
