*** transform info ***
phi = 1.45837E+02
dx  = 3.59724E+00
dy  = 7.00703E+00
