*** transform info ***
phi = 1.44792E+02
dx  = -1.53829E+00
dy  = -3.03959E+00
