*** transform info ***
phi = 1.42608E+02
dx  = 8.68117E-01
dy  = 3.89583E+00
