*** transform info ***
phi = 6.59499E+01
dx  = 6.39065E-01
dy  = -3.94561E-01
