*** transform info ***
phi = 1.78809E+02
dx  = -6.69170E+00
dy  = 2.97552E+00
