*** transform info ***
phi = 9.55493E+01
dx  = 4.15036E+00
dy  = 3.70202E+00
