*** transform info ***
phi = 4.83162E+01
dx  = 1.42470E-01
dy  = 4.44404E+00
