*** transform info ***
phi = 7.43384E+01
dx  = 5.03053E+00
dy  = -2.41715E+00
