*** transform info ***
phi = 9.14793E+00
dx  = 5.36237E-01
dy  = 2.30176E+00
