*** transform info ***
phi = 4.98210E+01
dx  = 2.01145E+00
dy  = -5.29145E+00
