*** transform info ***
phi = 4.22832E+01
dx  = 6.62777E-01
dy  = -4.68265E+00
