*** transform info ***
phi = 1.60180E+02
dx  = 4.00062E+00
dy  = -3.54656E+00
