*** transform info ***
phi = 1.39075E+02
dx  = 6.20745E+00
dy  = 2.27075E+00
