*** transform info ***
phi = 1.09476E+02
dx  = 3.05389E+00
dy  = 5.80168E-01
