*** transform info ***
phi = 1.43040E+02
dx  = -4.86875E+00
dy  = -1.26814E+00
