*** transform info ***
phi = 7.36515E+01
dx  = -2.98150E+00
dy  = 3.67509E-01
