*** transform info ***
phi = 1.79800E+02
dx  = -6.05943E+00
dy  = -4.12124E-01
