*** transform info ***
phi = 1.66473E+02
dx  = 6.80298E+00
dy  = 4.64005E+00
