*** transform info ***
phi = 1.58921E+01
dx  = -9.29878E-01
dy  = -3.94390E+00
