*** transform info ***
phi = 1.58323E+02
dx  = 3.40260E+00
dy  = -5.62563E+00
