*** transform info ***
phi = 9.15919E+01
dx  = -4.86197E+00
dy  = 6.52891E-01
