*** transform info ***
phi = 9.26378E+01
dx  = -5.95735E+00
dy  = 1.65786E+00
