*** transform info ***
phi = 5.19688E+01
dx  = 3.02046E+00
dy  = -7.05242E+00
