*** transform info ***
phi = 1.58221E+02
dx  = -7.86023E+00
dy  = 3.36685E+00
