*** transform info ***
phi = 1.41280E+01
dx  = -2.63100E+00
dy  = -1.65583E+00
