*** transform info ***
phi = 1.69679E+02
dx  = -4.50518E+00
dy  = 1.84150E+00
