*** transform info ***
phi = 1.40858E+02
dx  = 3.92181E+00
dy  = -4.96522E+00
