*** transform info ***
phi = 1.60726E+02
dx  = 6.11546E+00
dy  = -2.93058E+00
