*** transform info ***
phi = 1.11006E+02
dx  = -1.60924E+00
dy  = 1.96784E+00
