*** transform info ***
phi = 6.03900E+01
dx  = -7.61017E+00
dy  = -2.39576E+00
