*** transform info ***
phi = 9.90897E+01
dx  = -1.10944E+00
dy  = 1.63964E+00
