*** transform info ***
phi = 2.26926E+01
dx  = 3.13544E-01
dy  = -5.79579E-02
