*** transform info ***
phi = 1.46237E+02
dx  = 2.79084E+00
dy  = 1.89296E+00
