*** transform info ***
phi = 2.22259E+00
dx  = -9.87390E-01
dy  = -1.78823E-01
