*** transform info ***
phi = 1.75373E+02
dx  = 4.77474E+00
dy  = -7.72780E-01
