*** transform info ***
phi = 1.51644E+02
dx  = 2.95285E+00
dy  = -5.09935E+00
