*** transform info ***
phi = 1.39245E+02
dx  = 3.75793E+00
dy  = 2.94418E+00
