*** transform info ***
phi = 4.68643E+00
dx  = 3.87534E+00
dy  = -1.34147E+00
