*** transform info ***
phi = 1.52726E+02
dx  = -2.28051E-01
dy  = 2.79387E+00
