*** transform info ***
phi = 5.10341E+01
dx  = -8.58968E-01
dy  = 4.85809E+00
