*** transform info ***
phi = 1.64799E+02
dx  = 1.96890E-01
dy  = -2.80753E+00
