*** transform info ***
phi = 1.05025E+01
dx  = 4.36761E+00
dy  = -1.15560E+00
