*** transform info ***
phi = 6.75117E+01
dx  = 6.38806E+00
dy  = -1.61294E+00
