*** transform info ***
phi = 1.74803E+02
dx  = 3.07979E+00
dy  = 5.55886E-01
