*** transform info ***
phi = 1.54016E+02
dx  = -2.40624E+00
dy  = 4.59498E+00
