*** transform info ***
phi = 3.30751E+01
dx  = -3.00549E-01
dy  = 4.17835E+00
