*** transform info ***
phi = 9.17652E+01
dx  = -4.06813E+00
dy  = -2.17134E+00
