*** transform info ***
phi = 9.01756E+01
dx  = -2.49956E+00
dy  = 8.50404E-01
