*** transform info ***
phi = 1.07326E+02
dx  = 6.35162E+00
dy  = 1.75539E+00
