*** transform info ***
phi = 6.89745E+01
dx  = 5.55621E+00
dy  = 5.98473E+00
