*** transform info ***
phi = 1.56612E+02
dx  = -1.04626E+00
dy  = 3.38969E+00
