*** transform info ***
phi = 7.04364E+01
dx  = 2.96880E+00
dy  = -4.94031E+00
