*** transform info ***
phi = 1.59106E+02
dx  = -6.63642E+00
dy  = 7.01488E+00
