*** transform info ***
phi = 5.45222E+00
dx  = -6.48263E+00
dy  = -2.90914E-01
