*** transform info ***
phi = 3.68676E+01
dx  = 2.03255E-01
dy  = -1.78159E+00
