*** transform info ***
phi = 1.12501E+02
dx  = -5.36958E+00
dy  = 2.00333E+00
