*** transform info ***
phi = 5.24466E+01
dx  = 2.53788E+00
dy  = 4.37300E+00
