*** transform info ***
phi = 3.58049E+01
dx  = -6.55643E+00
dy  = -3.91316E-01
