*** transform info ***
phi = 1.35232E+02
dx  = 2.58297E+00
dy  = -4.46820E+00
