*** transform info ***
phi = 1.00471E+02
dx  = -7.54895E+00
dy  = 2.79207E-01
