*** transform info ***
phi = 8.58336E+01
dx  = 4.94318E+00
dy  = -1.98973E+00
