*** transform info ***
phi = 1.68027E+02
dx  = 7.54961E+00
dy  = -3.99974E+00
