*** transform info ***
phi = 9.14793E+01
dx  = -6.07931E+00
dy  = 3.63367E+00
