*** transform info ***
phi = 1.55876E+02
dx  = 5.93013E+00
dy  = -4.00363E+00
