*** transform info ***
phi = 8.13466E+01
dx  = -6.89312E+00
dy  = -3.09258E+00
