*** transform info ***
phi = 1.79951E+02
dx  = 5.32601E+00
dy  = -4.34401E+00
