*** transform info ***
phi = 2.16593E+00
dx  = 6.16765E+00
dy  = -3.45433E+00
