*** transform info ***
phi = 1.55559E+02
dx  = 5.31639E+00
dy  = -5.85140E+00
