*** transform info ***
phi = 3.13249E+01
dx  = -1.46299E+00
dy  = -4.02437E+00
