*** transform info ***
phi = 1.57487E+02
dx  = -3.82967E+00
dy  = 3.57372E+00
