*** transform info ***
phi = 4.86850E+01
dx  = -6.53441E-01
dy  = -3.94130E+00
