*** transform info ***
phi = 8.67781E+01
dx  = 2.66882E+00
dy  = 7.40024E-01
