*** transform info ***
phi = 1.07874E+02
dx  = -1.26711E+00
dy  = 2.38130E+00
