*** transform info ***
phi = 6.82087E+01
dx  = -5.76208E-01
dy  = 1.29373E+00
