*** transform info ***
phi = 1.67504E+02
dx  = -5.22909E+00
dy  = -4.15833E+00
