*** transform info ***
phi = 1.76038E+02
dx  = 6.38668E+00
dy  = 2.49578E+00
