*** transform info ***
phi = 1.45259E+02
dx  = -4.20917E-02
dy  = 3.07774E-01
