*** transform info ***
phi = 2.60911E+01
dx  = 3.82703E-02
dy  = 3.39673E+00
