*** transform info ***
phi = 1.60634E+02
dx  = -4.31778E+00
dy  = -4.51035E+00
