*** transform info ***
phi = 9.27413E+01
dx  = 7.94536E+00
dy  = -3.44034E+00
