*** transform info ***
phi = 1.69531E+02
dx  = 6.32156E+00
dy  = -1.96611E-01
