*** transform info ***
phi = 1.25404E+02
dx  = -3.50310E+00
dy  = 2.06133E+00
