*** transform info ***
phi = 4.82797E+01
dx  = -4.44066E-01
dy  = 2.62455E+00
