*** transform info ***
phi = 1.63297E+02
dx  = 3.57812E+00
dy  = 5.07063E+00
