*** transform info ***
phi = 6.62508E+01
dx  = -2.86461E+00
dy  = -3.38092E-01
