*** transform info ***
phi = 1.61226E+02
dx  = -3.18563E+00
dy  = -1.42036E+00
