*** transform info ***
phi = 1.07002E+02
dx  = 4.73370E+00
dy  = 9.69429E-01
