*** transform info ***
phi = 2.51481E+01
dx  = -2.91115E+00
dy  = 1.88968E+00
