*** transform info ***
phi = 6.32790E+01
dx  = -6.98876E+00
dy  = -2.58813E+00
