*** transform info ***
phi = 1.58904E+02
dx  = 3.36341E+00
dy  = -3.00693E+00
