*** transform info ***
phi = 1.51846E+02
dx  = -3.59107E+00
dy  = 4.20825E+00
