*** transform info ***
phi = 5.02159E+01
dx  = 2.78130E+00
dy  = 3.38643E+00
