*** transform info ***
phi = 1.59503E+02
dx  = 1.40155E+00
dy  = -4.40754E+00
