*** transform info ***
phi = 1.63033E+02
dx  = 7.76757E+00
dy  = -6.47151E+00
