*** transform info ***
phi = 1.46839E+02
dx  = -4.64284E+00
dy  = 1.87013E+00
