*** transform info ***
phi = 6.70549E+01
dx  = -7.05093E+00
dy  = -1.63763E+00
