*** transform info ***
phi = 1.35110E+02
dx  = -6.69402E-01
dy  = -5.95409E-01
