*** transform info ***
phi = 6.09004E+01
dx  = -7.60874E+00
dy  = 1.55348E+00
