*** transform info ***
phi = 1.52498E+02
dx  = 9.85579E-01
dy  = 2.14058E+00
