*** transform info ***
phi = 1.22082E+02
dx  = 6.00431E+00
dy  = -2.72191E-01
