*** transform info ***
phi = 6.90214E+01
dx  = 4.52802E+00
dy  = 4.03177E+00
