*** transform info ***
phi = 2.61684E+01
dx  = 3.14286E+00
dy  = -1.32179E+00
