*** transform info ***
phi = 2.35043E+01
dx  = -2.26064E+00
dy  = 2.56302E+00
