*** transform info ***
phi = 1.62094E+02
dx  = 3.53733E+00
dy  = -5.43801E+00
