*** transform info ***
phi = 7.11518E+01
dx  = -1.93764E+00
dy  = -1.78074E+00
