*** transform info ***
phi = 1.31153E+02
dx  = 1.94021E+00
dy  = 5.14020E+00
