*** transform info ***
phi = 1.11661E+02
dx  = -4.89516E-01
dy  = 1.23702E+00
