*** transform info ***
phi = 9.35748E+01
dx  = -1.05989E+00
dy  = 8.97231E-02
