*** transform info ***
phi = 1.69876E+02
dx  = -6.46003E+00
dy  = 3.19525E+00
