*** transform info ***
phi = 1.01630E+02
dx  = -3.47945E+00
dy  = -2.00859E+00
