*** transform info ***
phi = 6.55678E+01
dx  = -1.74299E+00
dy  = -2.96670E+00
