*** transform info ***
phi = 1.30770E+02
dx  = 2.09646E+00
dy  = 3.23597E+00
