*** transform info ***
phi = 1.76029E+02
dx  = -4.42125E+00
dy  = 9.94622E-01
