*** transform info ***
phi = 1.12450E+02
dx  = 3.70421E+00
dy  = -1.76843E+00
