*** transform info ***
phi = 1.44693E+02
dx  = 4.51000E+00
dy  = -4.45267E+00
