*** transform info ***
phi = 3.16360E+01
dx  = 3.29069E+00
dy  = -9.57009E-02
