*** transform info ***
phi = 8.52276E+01
dx  = -2.56570E+00
dy  = -2.84126E+00
