*** transform info ***
phi = 7.60228E+01
dx  = 4.21843E+00
dy  = -2.27438E+00
