*** transform info ***
phi = 2.57910E+01
dx  = -2.41899E+00
dy  = -2.55974E+00
