*** transform info ***
phi = 7.85259E+00
dx  = 7.55450E+00
dy  = -1.96894E-02
