*** transform info ***
phi = 2.01759E+01
dx  = 2.48046E+00
dy  = -2.74901E+00
