*** transform info ***
phi = 1.64944E+02
dx  = -4.06720E+00
dy  = -3.95389E-01
