*** transform info ***
phi = 1.42448E+02
dx  = -2.04791E+00
dy  = -5.67201E+00
