*** transform info ***
phi = 5.53721E+01
dx  = 1.43754E+00
dy  = -7.82676E-01
