*** transform info ***
phi = 7.52098E+01
dx  = 7.67915E+00
dy  = -6.01647E+00
