*** transform info ***
phi = 7.65826E+01
dx  = 7.40571E-01
dy  = -5.90841E-01
