*** transform info ***
phi = 7.23802E+01
dx  = 2.14271E+00
dy  = -2.56170E+00
