*** transform info ***
phi = 5.37059E+01
dx  = 3.08791E+00
dy  = -6.72879E+00
