*** transform info ***
phi = 3.98355E+01
dx  = -1.55170E+00
dy  = -3.51543E+00
