*** transform info ***
phi = 5.69578E+01
dx  = 3.64721E+00
dy  = -1.05211E+00
