*** transform info ***
phi = 1.53837E+02
dx  = 7.88992E+00
dy  = 9.82565E-01
