*** transform info ***
phi = 6.78067E+01
dx  = -5.17903E+00
dy  = -4.62479E+00
