*** transform info ***
phi = 8.35582E+01
dx  = -7.87421E+00
dy  = 4.75461E+00
