*** transform info ***
phi = 1.79326E+01
dx  = 4.41336E+00
dy  = -9.29300E-01
