*** transform info ***
phi = 6.44025E+01
dx  = -6.44604E+00
dy  = 1.23772E+00
