*** transform info ***
phi = 7.83544E+01
dx  = 2.52096E+00
dy  = -2.70763E+00
