*** transform info ***
phi = 1.60093E+02
dx  = -4.53884E+00
dy  = 1.54656E+00
