*** transform info ***
phi = 8.64099E+00
dx  = -2.92021E-01
dy  = 1.03029E+00
