*** transform info ***
phi = 1.70540E+02
dx  = -1.16624E+00
dy  = 2.08933E+00
