*** transform info ***
phi = 3.63931E+00
dx  = 6.75546E+00
dy  = -2.59066E+00
