*** transform info ***
phi = 4.51133E+01
dx  = 3.68744E-01
dy  = -1.05333E+00
