*** transform info ***
phi = 1.61222E+02
dx  = 4.51317E+00
dy  = 4.17401E+00
