*** transform info ***
phi = 1.48855E+02
dx  = 3.43170E+00
dy  = 4.58760E+00
