*** transform info ***
phi = 5.21410E+01
dx  = -1.22896E+00
dy  = 7.21058E+00
