*** transform info ***
phi = 1.18182E+01
dx  = -4.44125E+00
dy  = -2.66480E+00
