*** transform info ***
phi = 1.48476E+02
dx  = -4.17386E+00
dy  = 1.35647E+00
