*** transform info ***
phi = 4.64121E+01
dx  = -3.64575E+00
dy  = -3.26102E+00
