*** transform info ***
phi = 1.24855E+02
dx  = 3.55507E+00
dy  = 2.89851E+00
