*** transform info ***
phi = 1.21942E+02
dx  = -2.56930E+00
dy  = 4.88002E-01
