*** transform info ***
phi = 8.60142E+01
dx  = -3.20251E+00
dy  = 4.49945E-01
