*** transform info ***
phi = 5.22036E+01
dx  = -4.70568E-02
dy  = -2.22342E+00
