*** transform info ***
phi = 1.12390E+02
dx  = 5.31493E+00
dy  = -2.27303E+00
