*** transform info ***
phi = 1.37785E+02
dx  = -2.36170E+00
dy  = 5.93412E+00
