*** transform info ***
phi = 1.03857E+02
dx  = 2.28753E+00
dy  = 2.24210E+00
