*** transform info ***
phi = 6.23028E+01
dx  = -2.31420E+00
dy  = 6.66366E-01
