*** transform info ***
phi = 1.03096E+02
dx  = -7.16605E+00
dy  = 2.20575E+00
