*** transform info ***
phi = 1.52223E+02
dx  = 7.02989E+00
dy  = -3.84147E+00
