*** transform info ***
phi = 1.40824E+02
dx  = -2.72445E-02
dy  = 1.18987E+00
