*** transform info ***
phi = 1.53830E+02
dx  = -7.80351E+00
dy  = 2.92880E+00
