*** transform info ***
phi = 5.36922E+01
dx  = 4.01292E+00
dy  = -6.29730E-02
