*** transform info ***
phi = 5.96340E+01
dx  = -6.62850E+00
dy  = 3.65784E+00
