*** transform info ***
phi = 1.43562E+01
dx  = 9.90321E-01
dy  = -1.53706E+00
