*** transform info ***
phi = 3.48029E+01
dx  = 2.04557E+00
dy  = -4.30234E+00
