*** transform info ***
phi = 1.34758E+02
dx  = -4.25889E-01
dy  = -6.89812E+00
