*** transform info ***
phi = 1.65674E+02
dx  = 9.05836E-01
dy  = -1.99232E+00
