*** transform info ***
phi = 1.63929E+02
dx  = 6.99071E+00
dy  = 4.92782E+00
