*** transform info ***
phi = 3.43192E+01
dx  = 7.35284E+00
dy  = -6.02760E-01
