*** transform info ***
phi = 7.78522E+01
dx  = -4.84900E+00
dy  = 5.17119E+00
