*** transform info ***
phi = 8.53773E+01
dx  = 1.91172E+00
dy  = -3.82222E+00
