*** transform info ***
phi = 1.44960E+02
dx  = -2.53539E+00
dy  = 1.57678E+00
