*** transform info ***
phi = 1.07669E+02
dx  = 6.02511E+00
dy  = -7.49112E-01
