*** transform info ***
phi = 7.37948E+01
dx  = 7.78500E+00
dy  = 5.18428E+00
