*** transform info ***
phi = 5.12073E+01
dx  = -2.30800E+00
dy  = 3.75005E+00
