*** transform info ***
phi = 1.43363E+02
dx  = -1.03268E+00
dy  = 5.55965E+00
