*** transform info ***
phi = 1.26245E+02
dx  = -1.60691E-01
dy  = 2.80420E+00
