*** transform info ***
phi = 6.41537E+01
dx  = -6.04149E+00
dy  = 1.83176E+00
