*** transform info ***
phi = 3.62314E+01
dx  = 5.57277E+00
dy  = -8.13190E-01
