*** transform info ***
phi = 7.99834E+01
dx  = 7.76215E+00
dy  = 9.22975E-01
