*** transform info ***
phi = 5.90515E+01
dx  = 3.90424E+00
dy  = -2.69032E+00
