*** transform info ***
phi = 3.23447E+01
dx  = 5.04477E+00
dy  = -5.48954E-01
