*** transform info ***
phi = 1.52083E+02
dx  = -1.56675E-01
dy  = 1.81425E+00
