*** transform info ***
phi = 9.19829E+01
dx  = -8.42244E-01
dy  = 3.43828E-01
