*** transform info ***
phi = 1.79748E+02
dx  = 1.21247E+00
dy  = 1.17445E+00
