*** transform info ***
phi = 1.55730E+02
dx  = -1.03525E+00
dy  = -3.66332E+00
