*** transform info ***
phi = 8.92719E+01
dx  = -6.63104E+00
dy  = -2.16229E+00
