*** transform info ***
phi = 8.15497E+01
dx  = -6.49212E+00
dy  = 2.71744E+00
