*** transform info ***
phi = 4.18798E+00
dx  = 5.36207E+00
dy  = -2.73491E+00
