*** transform info ***
phi = 1.56604E+02
dx  = -1.03719E+00
dy  = 3.25719E+00
