*** transform info ***
phi = 4.71911E+01
dx  = -1.95653E+00
dy  = -1.74560E+00
