*** transform info ***
phi = 6.35299E+01
dx  = 5.98893E+00
dy  = -2.50601E+00
