*** transform info ***
phi = 1.74358E+02
dx  = -1.07328E+00
dy  = -3.75881E+00
