*** transform info ***
phi = 7.91509E+01
dx  = -6.12298E+00
dy  = -3.55674E+00
