*** transform info ***
phi = 1.32582E+02
dx  = 8.41621E-02
dy  = -6.00570E+00
