*** transform info ***
phi = 6.75348E+01
dx  = -5.68734E+00
dy  = 2.85455E+00
