*** transform info ***
phi = 1.66248E+02
dx  = -1.30579E+00
dy  = 1.18039E+00
