*** transform info ***
phi = 1.54580E+02
dx  = 2.00961E+00
dy  = -2.33955E+00
