*** transform info ***
phi = 1.59437E+02
dx  = 7.15087E+00
dy  = 1.93408E+00
