*** transform info ***
phi = 1.68220E+02
dx  = 6.74859E+00
dy  = 3.99447E-01
