*** transform info ***
phi = 1.59722E+02
dx  = -1.10894E+00
dy  = -7.53608E-02
