*** transform info ***
phi = 8.91766E+01
dx  = -4.71060E+00
dy  = -1.27164E+00
