*** transform info ***
phi = 1.35008E+02
dx  = -2.87760E+00
dy  = 2.23201E+00
