*** transform info ***
phi = 2.97596E+01
dx  = -1.94526E+00
dy  = -2.76583E+00
