*** transform info ***
phi = 1.12300E+01
dx  = 4.30390E+00
dy  = -6.81938E-01
