*** transform info ***
phi = 3.78461E+01
dx  = 4.81863E+00
dy  = 2.22461E+00
