*** transform info ***
phi = 1.23154E+02
dx  = 6.51911E+00
dy  = 1.22402E+00
