*** transform info ***
phi = 3.84891E+01
dx  = -1.16376E+00
dy  = 5.11394E+00
