*** transform info ***
phi = 2.83577E+01
dx  = -5.21680E+00
dy  = 3.40507E-01
