*** transform info ***
phi = 6.07738E+01
dx  = -1.01146E+00
dy  = 3.96311E+00
