*** transform info ***
phi = 1.61094E+02
dx  = -6.44768E+00
dy  = 1.87111E+00
