*** transform info ***
phi = 9.79965E+01
dx  = 4.00421E-02
dy  = -2.74819E+00
