*** transform info ***
phi = 1.47466E+02
dx  = 7.19711E+00
dy  = -1.50943E+00
