*** transform info ***
phi = 1.11524E+02
dx  = -2.35627E+00
dy  = -1.46478E+00
