*** transform info ***
phi = 1.08406E+02
dx  = -7.46766E+00
dy  = 8.02602E-01
