*** transform info ***
phi = 1.11480E+02
dx  = -6.95119E+00
dy  = -1.50995E-01
