*** transform info ***
phi = 1.44387E+02
dx  = 1.79530E+00
dy  = -4.81761E+00
