*** transform info ***
phi = 1.66312E+01
dx  = -7.30440E+00
dy  = -8.45291E-01
