*** transform info ***
phi = 8.23599E+01
dx  = -2.38738E-01
dy  = -4.50422E+00
