*** transform info ***
phi = 5.90099E+01
dx  = -5.50836E-01
dy  = 1.54053E+00
