*** transform info ***
phi = 1.46211E+02
dx  = -1.20142E+00
dy  = -1.98515E+00
