*** transform info ***
phi = 1.24674E+02
dx  = -7.42839E-01
dy  = -1.70584E+00
