*** transform info ***
phi = 1.62995E+02
dx  = 7.29323E+00
dy  = 5.73214E-01
