*** transform info ***
phi = 1.28295E+02
dx  = 3.06892E+00
dy  = -1.97132E+00
