*** transform info ***
phi = 1.37572E+02
dx  = 1.35603E+00
dy  = 4.13460E+00
