*** transform info ***
phi = 1.58092E+01
dx  = 3.33224E+00
dy  = -4.98383E-02
