*** transform info ***
phi = 1.47822E+02
dx  = 3.66097E+00
dy  = 5.88699E+00
