*** transform info ***
phi = 1.62023E+02
dx  = 7.15903E+00
dy  = 2.70571E+00
