*** transform info ***
phi = 1.53418E+02
dx  = -4.08138E+00
dy  = 3.27596E+00
