*** transform info ***
phi = 1.48226E+02
dx  = 2.93021E+00
dy  = 1.64383E+00
