*** transform info ***
phi = 4.93380E+01
dx  = 5.52235E+00
dy  = -1.90156E+00
