*** transform info ***
phi = 5.50796E+01
dx  = 1.45790E+00
dy  = 1.64346E-01
