*** transform info ***
phi = 5.46806E+01
dx  = -5.09298E+00
dy  = 1.16213E+00
