*** transform info ***
phi = 7.10280E+01
dx  = 5.63078E+00
dy  = -2.62893E+00
