*** transform info ***
phi = 1.37796E+02
dx  = -2.20865E+00
dy  = 2.45265E+00
