*** transform info ***
phi = 1.38873E+02
dx  = 3.70480E+00
dy  = -4.43112E+00
