*** transform info ***
phi = 6.67577E+01
dx  = 6.08367E+00
dy  = -5.23724E+00
