*** transform info ***
phi = 7.24538E+01
dx  = 4.33428E+00
dy  = -1.43642E+00
