*** transform info ***
phi = 9.67183E+01
dx  = -1.79713E+00
dy  = 3.67682E+00
