*** transform info ***
phi = 7.94469E+01
dx  = 2.35768E+00
dy  = 4.10318E+00
