*** transform info ***
phi = 8.74267E+01
dx  = 3.12241E+00
dy  = -4.11993E+00
