*** transform info ***
phi = 1.60410E+02
dx  = 1.83725E+00
dy  = 2.08687E-01
