*** transform info ***
phi = 6.66461E+01
dx  = 6.79276E+00
dy  = -3.36042E+00
