*** transform info ***
phi = 1.61954E+02
dx  = -6.70616E+00
dy  = 4.01476E-01
