*** transform info ***
phi = 1.71660E+02
dx  = 2.62126E+00
dy  = -3.38818E+00
