*** transform info ***
phi = 4.93044E+00
dx  = 4.24854E+00
dy  = 2.08902E+00
