*** transform info ***
phi = 1.88806E+01
dx  = 1.23301E+00
dy  = -5.59775E-01
