*** transform info ***
phi = 1.74840E+02
dx  = 3.07018E+00
dy  = 2.47756E-01
