*** transform info ***
phi = 6.98146E+01
dx  = 3.22452E-01
dy  = 8.21452E-01
