*** transform info ***
phi = 4.26803E+01
dx  = -2.70310E+00
dy  = -2.56440E+00
