*** transform info ***
phi = 3.74215E+01
dx  = 3.68734E-01
dy  = 5.11727E+00
