*** transform info ***
phi = 4.87546E+01
dx  = 4.69236E+00
dy  = -1.99597E+00
