*** transform info ***
phi = 1.02878E+02
dx  = 1.74630E+00
dy  = -2.90588E+00
