*** transform info ***
phi = 1.62793E+02
dx  = -1.56543E+00
dy  = -2.45016E+00
