*** transform info ***
phi = 1.61100E+02
dx  = 7.74394E+00
dy  = 5.82666E+00
