*** transform info ***
phi = 2.43002E+01
dx  = 3.44441E+00
dy  = 2.03825E-01
