*** transform info ***
phi = 5.65504E+01
dx  = 2.92582E+00
dy  = 6.78981E-02
