*** transform info ***
phi = 9.66133E+01
dx  = -5.14678E+00
dy  = -8.54359E-01
