*** transform info ***
phi = 7.75424E+01
dx  = -7.97402E+00
dy  = 6.04142E+00
