*** transform info ***
phi = 1.00138E+02
dx  = 6.41612E+00
dy  = -2.25626E+00
