*** transform info ***
phi = 8.73862E+01
dx  = -4.46723E+00
dy  = 1.07664E+00
