*** transform info ***
phi = 9.64438E+01
dx  = 1.02952E-01
dy  = 2.54183E+00
