*** transform info ***
phi = 5.59729E+01
dx  = -4.30864E+00
dy  = -4.40467E-01
