*** transform info ***
phi = 1.66414E+02
dx  = 4.93406E+00
dy  = 1.89366E+00
