*** transform info ***
phi = 7.69427E+01
dx  = -5.88803E+00
dy  = 2.48691E+00
