*** transform info ***
phi = 5.43898E+01
dx  = -1.61842E+00
dy  = -4.54163E+00
