*** transform info ***
phi = 5.40182E+01
dx  = -2.17685E+00
dy  = -1.04171E+00
