*** transform info ***
phi = 3.75364E+01
dx  = -6.44895E+00
dy  = -5.07039E-01
