*** transform info ***
phi = 1.59589E+02
dx  = -1.10965E+00
dy  = -1.01493E+00
