*** transform info ***
phi = 7.20108E+01
dx  = 7.80151E+00
dy  = -5.02439E+00
