*** transform info ***
phi = 5.85967E+01
dx  = 6.07632E+00
dy  = 3.72554E+00
