*** transform info ***
phi = 1.89371E+01
dx  = -3.99192E-01
dy  = -4.23994E+00
