*** transform info ***
phi = 7.21120E+01
dx  = 4.50852E+00
dy  = -4.94122E+00
