*** transform info ***
phi = 3.01950E+01
dx  = 2.60571E+00
dy  = 1.55978E+00
