*** transform info ***
phi = 1.26323E+02
dx  = 2.58092E+00
dy  = -2.66996E+00
