*** transform info ***
phi = 1.63852E+02
dx  = 7.79091E+00
dy  = -5.24379E+00
