*** transform info ***
phi = 1.54683E+02
dx  = -6.42650E+00
dy  = 1.66022E+00
