*** transform info ***
phi = 1.51506E+02
dx  = 3.20538E+00
dy  = 5.91555E+00
