*** transform info ***
phi = 1.52329E+02
dx  = 4.68434E+00
dy  = 6.48321E-01
