*** transform info ***
phi = 1.66835E+02
dx  = 4.59012E+00
dy  = 1.35461E+00
