*** transform info ***
phi = 7.92130E+01
dx  = 7.65651E+00
dy  = 3.93331E+00
