*** transform info ***
phi = 2.27781E+01
dx  = -1.90785E+00
dy  = 2.35305E+00
