*** transform info ***
phi = 1.01550E+02
dx  = 6.90583E+00
dy  = 1.91949E-01
