*** transform info ***
phi = 9.57689E+00
dx  = -1.84564E+00
dy  = -7.48649E-01
