*** transform info ***
phi = 1.46032E+02
dx  = 1.71550E+00
dy  = -4.76373E+00
