*** transform info ***
phi = 1.76814E+02
dx  = 7.72144E+00
dy  = 9.50542E-01
