*** transform info ***
phi = 7.93684E+01
dx  = 4.41880E+00
dy  = 1.65472E+00
