*** transform info ***
phi = 4.39911E+01
dx  = -5.36010E+00
dy  = 1.75886E+00
