*** transform info ***
phi = 4.97043E+01
dx  = 4.28068E+00
dy  = -2.21006E+00
