*** transform info ***
phi = 1.48060E+02
dx  = 7.60724E+00
dy  = 5.26099E-01
