*** transform info ***
phi = 5.37487E+00
dx  = -4.58163E+00
dy  = -3.24776E+00
