*** transform info ***
phi = 1.76305E+02
dx  = 4.86290E+00
dy  = -2.65527E+00
