*** transform info ***
phi = 7.87383E+00
dx  = 4.52847E+00
dy  = 1.72903E+00
