*** transform info ***
phi = 2.37965E+00
dx  = -1.99925E+00
dy  = -4.33915E+00
