*** transform info ***
phi = 4.57222E+01
dx  = -3.34768E+00
dy  = -2.00623E-02
