*** transform info ***
phi = 1.93759E+01
dx  = -1.77427E+00
dy  = 1.48894E+00
