*** transform info ***
phi = 2.17097E+01
dx  = 2.07312E+00
dy  = -2.73657E+00
