*** transform info ***
phi = 7.20149E+01
dx  = -7.81405E+00
dy  = 1.84048E-01
