*** transform info ***
phi = 5.57588E+01
dx  = 2.54867E+00
dy  = -7.48307E+00
