*** transform info ***
phi = 1.32080E+02
dx  = 4.28993E-01
dy  = 5.40364E+00
