*** transform info ***
phi = 6.50115E+01
dx  = 6.27845E+00
dy  = 3.24704E-01
