*** transform info ***
phi = 5.05881E+01
dx  = 1.37722E+00
dy  = -1.83561E+00
