*** transform info ***
phi = 1.01341E+02
dx  = -4.05503E+00
dy  = -1.45652E+00
