*** transform info ***
phi = 3.00387E+01
dx  = 1.57267E+00
dy  = 1.46849E+00
