*** transform info ***
phi = 9.68613E+01
dx  = 3.75807E+00
dy  = 1.22735E+00
