*** transform info ***
phi = 1.54611E+02
dx  = -6.84763E+00
dy  = 3.10706E+00
