*** transform info ***
phi = 1.05950E+02
dx  = 5.14618E+00
dy  = 1.67612E+00
