*** transform info ***
phi = 6.33248E+01
dx  = 6.68371E+00
dy  = -6.27693E+00
