*** transform info ***
phi = 1.29766E+02
dx  = 6.54400E-01
dy  = 2.29827E+00
