*** transform info ***
phi = 5.66561E+01
dx  = 7.44867E+00
dy  = -2.13653E+00
