*** transform info ***
phi = 7.51387E+01
dx  = 2.56987E+00
dy  = -1.12727E+00
