*** transform info ***
phi = 7.68629E+01
dx  = -2.70319E+00
dy  = 9.44665E-01
