*** transform info ***
phi = 1.40538E+02
dx  = 6.05183E-01
dy  = 1.96608E-01
