*** transform info ***
phi = 6.74829E+00
dx  = 6.06921E+00
dy  = -4.72428E-01
