*** transform info ***
phi = 8.05850E+01
dx  = -7.11138E+00
dy  = -1.76823E+00
