*** transform info ***
phi = 1.06107E+02
dx  = 4.41154E+00
dy  = 2.93674E+00
