*** transform info ***
phi = 1.06523E+02
dx  = 1.55972E+00
dy  = -3.21003E+00
