*** transform info ***
phi = 1.71394E+02
dx  = -1.13604E+00
dy  = -1.51814E+00
