*** transform info ***
phi = 3.83622E+01
dx  = 1.06265E+00
dy  = 3.66810E+00
