*** transform info ***
phi = 1.53256E+02
dx  = 2.73516E+00
dy  = -3.34328E+00
