*** transform info ***
phi = 3.80879E+01
dx  = -5.00373E-01
dy  = -6.01253E+00
