*** transform info ***
phi = 2.02690E+01
dx  = -2.54518E+00
dy  = -1.50192E+00
