*** transform info ***
phi = 4.91461E+01
dx  = -4.99443E+00
dy  = 2.74402E+00
