*** transform info ***
phi = 1.53597E+02
dx  = 7.09921E+00
dy  = 3.13820E+00
