*** transform info ***
phi = 2.53247E+01
dx  = -3.25454E+00
dy  = 2.48101E+00
