*** transform info ***
phi = 1.52512E+02
dx  = -3.77129E+00
dy  = -4.59674E+00
