*** transform info ***
phi = 1.63019E+02
dx  = 4.30864E+00
dy  = -2.83736E+00
