*** transform info ***
phi = 1.16461E+02
dx  = -4.63283E-01
dy  = -4.13505E-01
