*** transform info ***
phi = 1.12330E+02
dx  = -4.06763E-01
dy  = 2.01296E+00
