*** transform info ***
phi = 1.45534E+01
dx  = 3.74342E+00
dy  = -6.55944E-01
