*** transform info ***
phi = 1.61210E+02
dx  = -5.95836E+00
dy  = -3.88934E+00
