*** transform info ***
phi = 1.31378E+02
dx  = 5.75166E+00
dy  = -4.31103E-01
