*** transform info ***
phi = 1.76007E+02
dx  = 5.07115E+00
dy  = -7.35743E-01
