*** transform info ***
phi = 3.85729E+01
dx  = 3.48985E+00
dy  = -1.71480E+00
