*** transform info ***
phi = 1.75173E+02
dx  = 2.86910E+00
dy  = -3.48141E+00
