*** transform info ***
phi = 9.28887E+01
dx  = 2.04906E+00
dy  = 3.97481E+00
