*** transform info ***
phi = 1.16559E+02
dx  = -2.44501E+00
dy  = -1.81132E+00
