*** transform info ***
phi = 1.55862E+02
dx  = -7.90387E+00
dy  = -4.43454E+00
