*** transform info ***
phi = 1.41896E+02
dx  = -2.26849E+00
dy  = 1.59304E+00
