*** transform info ***
phi = 2.51470E+01
dx  = 1.84080E+00
dy  = -1.81980E+00
