*** transform info ***
phi = 2.18577E+01
dx  = 3.01396E-01
dy  = 7.80851E-01
