*** transform info ***
phi = 1.00538E+02
dx  = 5.44958E+00
dy  = 2.86292E-01
