*** transform info ***
phi = 4.56780E+01
dx  = -5.56626E+00
dy  = -1.94673E+00
