*** transform info ***
phi = 1.99442E+00
dx  = -4.32681E+00
dy  = 2.25213E+00
