*** transform info ***
phi = 1.03472E+02
dx  = 4.54820E+00
dy  = -1.88932E+00
