*** transform info ***
phi = 1.62596E+02
dx  = 6.68902E-01
dy  = -1.16570E+00
