*** transform info ***
phi = 1.59068E+01
dx  = -6.18124E-02
dy  = 1.98186E+00
