*** transform info ***
phi = 5.71559E+01
dx  = -7.03961E-02
dy  = -5.56597E+00
