*** transform info ***
phi = 3.46180E+00
dx  = -2.56062E-01
dy  = -4.25741E+00
