*** transform info ***
phi = 6.20923E+01
dx  = 2.18744E-01
dy  = 2.12222E+00
