*** transform info ***
phi = 2.66945E+01
dx  = 2.48920E-01
dy  = 4.72745E-01
