*** transform info ***
phi = 2.51764E+01
dx  = 5.83925E+00
dy  = 5.43922E-01
