*** transform info ***
phi = 3.46833E+01
dx  = 5.18571E+00
dy  = 3.06061E-01
