*** transform info ***
phi = 1.79414E+02
dx  = -1.83009E+00
dy  = 3.98883E+00
