*** transform info ***
phi = 5.91777E+01
dx  = 6.57548E+00
dy  = 1.12566E+00
