*** transform info ***
phi = 1.75690E+02
dx  = 2.62313E+00
dy  = 3.25585E+00
