*** transform info ***
phi = 1.54357E+02
dx  = 7.64404E+00
dy  = 4.08529E+00
