*** transform info ***
phi = 7.58786E+01
dx  = -5.87703E+00
dy  = 1.64295E+00
