*** transform info ***
phi = 9.34458E+01
dx  = -7.16667E-01
dy  = -1.85106E+00
