*** transform info ***
phi = 4.86506E+01
dx  = -1.96993E+00
dy  = -5.92560E+00
