*** transform info ***
phi = 8.23736E+01
dx  = -4.16624E+00
dy  = 4.47489E+00
