*** transform info ***
phi = 1.06078E+02
dx  = 5.29638E+00
dy  = 1.05736E+00
