*** transform info ***
phi = 7.09173E+01
dx  = 2.36164E+00
dy  = -2.80216E+00
