*** transform info ***
phi = 3.27428E+00
dx  = -1.36083E+00
dy  = -3.82578E+00
