*** transform info ***
phi = 1.59614E+02
dx  = 5.44293E+00
dy  = -3.17307E+00
