*** transform info ***
phi = 1.44421E+02
dx  = 6.51854E+00
dy  = 5.35624E-01
