*** transform info ***
phi = 1.26321E+02
dx  = 7.63680E-01
dy  = -8.97523E-02
