*** transform info ***
phi = 1.60786E+02
dx  = -7.30183E+00
dy  = -1.65353E+00
