*** transform info ***
phi = 1.07297E+00
dx  = 1.09823E+00
dy  = -4.02771E+00
