*** transform info ***
phi = 1.60373E+02
dx  = -7.37571E+00
dy  = -1.06903E+00
