*** transform info ***
phi = 5.26853E+01
dx  = 1.85075E+00
dy  = -6.20891E+00
