*** transform info ***
phi = 1.98130E+01
dx  = -5.24935E-02
dy  = -4.03968E+00
