*** transform info ***
phi = 5.48706E+01
dx  = -6.65456E+00
dy  = -2.32960E+00
