*** transform info ***
phi = 1.33139E+02
dx  = -1.29216E+00
dy  = -2.13802E+00
