*** transform info ***
phi = 9.83623E+01
dx  = -2.91976E+00
dy  = -3.31323E-01
