*** transform info ***
phi = 1.46230E+02
dx  = -9.88353E-01
dy  = 6.35536E+00
