*** transform info ***
phi = 9.30485E+01
dx  = 2.90714E+00
dy  = -3.38327E-01
