*** transform info ***
phi = 1.53041E+02
dx  = 2.58520E+00
dy  = 3.74995E+00
