*** transform info ***
phi = 3.86719E-01
dx  = 2.43724E+00
dy  = 4.15128E+00
