*** transform info ***
phi = 1.68439E+02
dx  = -5.48787E+00
dy  = -3.15281E+00
