*** transform info ***
phi = 1.41309E+02
dx  = -1.11148E+00
dy  = -1.04095E+00
