*** transform info ***
phi = 4.92241E+01
dx  = 4.68519E+00
dy  = 5.27693E-01
