*** transform info ***
phi = 3.92999E+01
dx  = -1.07562E-02
dy  = 1.36249E+00
