*** transform info ***
phi = 6.25808E+01
dx  = 6.57562E+00
dy  = 5.04537E+00
