*** transform info ***
phi = 1.47069E+02
dx  = -4.54585E+00
dy  = 9.35745E-01
