*** transform info ***
phi = 7.08636E+01
dx  = 7.15763E+00
dy  = 4.49032E+00
