*** transform info ***
phi = 6.69316E+01
dx  = -2.58252E-01
dy  = -2.78937E+00
