*** transform info ***
phi = 7.49438E+01
dx  = 4.59636E+00
dy  = 3.21813E+00
