*** transform info ***
phi = 5.13051E+01
dx  = -3.58724E+00
dy  = -2.84271E+00
