*** transform info ***
phi = 6.02927E+01
dx  = 4.70232E+00
dy  = -5.28405E+00
