*** transform info ***
phi = 9.55266E+01
dx  = 3.04662E+00
dy  = 1.44378E+00
