*** transform info ***
phi = 7.44948E+01
dx  = -6.17053E+00
dy  = -2.88979E+00
