*** transform info ***
phi = 1.49997E+02
dx  = 1.47896E+00
dy  = 5.72169E+00
