*** transform info ***
phi = 1.30697E+02
dx  = -1.78533E+00
dy  = 5.35246E+00
