*** transform info ***
phi = 1.06646E+02
dx  = -6.87423E+00
dy  = -6.54734E-03
