*** transform info ***
phi = 1.74250E+02
dx  = -7.23759E+00
dy  = -1.71024E-01
