*** transform info ***
phi = 9.26125E+01
dx  = -1.20901E+00
dy  = 2.44568E+00
