*** transform info ***
phi = 6.92806E+01
dx  = 2.54381E-01
dy  = -2.74580E-01
