*** transform info ***
phi = 1.28421E+02
dx  = 5.59733E+00
dy  = -2.30626E-01
