*** transform info ***
phi = 4.53487E+01
dx  = 2.11935E+00
dy  = 3.07602E+00
