*** transform info ***
phi = 7.62026E+01
dx  = 4.61716E+00
dy  = -1.57866E+00
