*** transform info ***
phi = 1.58018E+02
dx  = -6.92855E+00
dy  = -5.38187E+00
