*** transform info ***
phi = 1.76320E+02
dx  = 6.31221E+00
dy  = -3.94303E+00
