*** transform info ***
phi = 1.65774E+02
dx  = -2.75756E+00
dy  = -3.27967E+00
