*** transform info ***
phi = 1.56583E+02
dx  = 1.71599E+00
dy  = 5.18547E+00
