*** transform info ***
phi = 6.83712E+01
dx  = 1.16158E-01
dy  = -3.35612E+00
