*** transform info ***
phi = 1.73189E+02
dx  = -6.13245E+00
dy  = 4.13065E+00
