*** transform info ***
phi = 1.07925E+02
dx  = 3.74900E+00
dy  = -2.17889E+00
