*** transform info ***
phi = 9.83006E+00
dx  = -7.91095E+00
dy  = 1.56304E-01
