*** transform info ***
phi = 7.65334E+01
dx  = -4.11024E+00
dy  = 2.19677E+00
