*** transform info ***
phi = 1.32368E+02
dx  = 3.02160E-01
dy  = 1.63899E+00
