*** transform info ***
phi = 1.37862E+02
dx  = -1.00245E+00
dy  = -5.90749E-01
