*** transform info ***
phi = 1.36665E+02
dx  = 1.84936E+00
dy  = -2.34124E+00
