*** transform info ***
phi = 1.26274E+02
dx  = -3.49233E-01
dy  = -8.77434E-01
