*** transform info ***
phi = 1.17971E+02
dx  = -2.76282E+00
dy  = 2.45628E+00
