*** transform info ***
phi = 7.18047E+01
dx  = 1.51156E+00
dy  = -7.59289E-01
