*** transform info ***
phi = 1.10038E+02
dx  = -4.84742E+00
dy  = -2.19991E+00
