*** transform info ***
phi = 7.61772E+01
dx  = -4.27697E+00
dy  = 4.15753E+00
