*** transform info ***
phi = 8.17016E+01
dx  = 1.31623E+00
dy  = 5.17587E-01
