*** transform info ***
phi = 1.13913E+02
dx  = -4.18227E+00
dy  = -1.19942E+00
