*** transform info ***
phi = 1.32731E+02
dx  = 1.59238E+00
dy  = 2.62854E+00
