*** transform info ***
phi = 1.43614E+02
dx  = -3.97145E-02
dy  = -5.40724E+00
