*** transform info ***
phi = 1.34122E+02
dx  = -3.56932E+00
dy  = 2.92950E+00
