*** transform info ***
phi = 1.23553E+02
dx  = -6.37706E+00
dy  = -1.01322E+00
