*** transform info ***
phi = 4.56828E+01
dx  = 1.40182E-01
dy  = -1.25806E+00
