*** transform info ***
phi = 4.84835E+01
dx  = -1.71648E+00
dy  = 1.87543E+00
