*** transform info ***
phi = 1.21070E+02
dx  = -5.34481E+00
dy  = 9.96283E-01
