*** transform info ***
phi = 1.58597E+02
dx  = 7.39227E+00
dy  = -2.10838E+00
