*** transform info ***
phi = 5.27892E+01
dx  = -1.06558E+00
dy  = 7.83714E-01
