*** transform info ***
phi = 7.13474E+01
dx  = -6.56044E+00
dy  = 3.00812E+00
