*** transform info ***
phi = 8.27709E+01
dx  = 4.38945E+00
dy  = 2.88703E+00
