*** transform info ***
phi = 7.45599E+01
dx  = -1.41514E+00
dy  = 4.73039E+00
