*** transform info ***
phi = 7.12515E+01
dx  = 2.76581E+00
dy  = -3.22340E+00
