*** transform info ***
phi = 4.76128E+01
dx  = 4.87397E+00
dy  = -3.60614E+00
