*** transform info ***
phi = 1.76325E+02
dx  = -7.97914E+00
dy  = -2.93507E-01
