*** transform info ***
phi = 1.22455E+02
dx  = -1.20395E+00
dy  = -1.92168E+00
