*** transform info ***
phi = 1.76982E+02
dx  = 7.62701E+00
dy  = -1.11115E+00
