*** transform info ***
phi = 1.74956E+02
dx  = -7.73223E+00
dy  = 3.90320E+00
