*** transform info ***
phi = 8.38868E+01
dx  = -7.89173E+00
dy  = -3.63188E+00
