*** transform info ***
phi = 1.75081E+01
dx  = 4.88325E+00
dy  = -1.06508E+00
