*** transform info ***
phi = 1.57875E+02
dx  = 2.27997E+00
dy  = -7.83977E-02
