*** transform info ***
phi = 1.37316E+02
dx  = 7.43239E+00
dy  = -5.74481E-01
