*** transform info ***
phi = 4.89368E+01
dx  = -1.83974E+00
dy  = 6.11387E+00
