*** transform info ***
phi = 1.49034E+02
dx  = 3.51781E+00
dy  = -6.29659E+00
