*** transform info ***
phi = 5.05570E+00
dx  = -3.36054E+00
dy  = 3.82678E+00
