*** transform info ***
phi = 2.19143E+01
dx  = 1.17612E+00
dy  = 3.63552E+00
