*** transform info ***
phi = 2.66213E+01
dx  = 2.17316E-02
dy  = 2.15744E+00
