*** transform info ***
phi = 5.17408E+00
dx  = 5.33796E-01
dy  = -2.48428E+00
