*** transform info ***
phi = 1.76278E+02
dx  = -7.39268E+00
dy  = 5.94357E-01
