*** transform info ***
phi = 6.81910E+01
dx  = -2.32382E+00
dy  = 4.86378E+00
