*** transform info ***
phi = 1.63090E+02
dx  = 7.02936E+00
dy  = 5.96383E+00
