*** transform info ***
phi = 1.33703E+02
dx  = -4.29665E+00
dy  = -1.71527E+00
