*** transform info ***
phi = 2.43729E+00
dx  = -6.64094E+00
dy  = -9.28615E-01
