*** transform info ***
phi = 1.02607E+02
dx  = 2.61253E+00
dy  = 2.21954E+00
