*** transform info ***
phi = 3.11002E+00
dx  = -1.03017E+00
dy  = -1.30023E+00
