*** transform info ***
phi = 1.43324E+02
dx  = -4.34737E+00
dy  = -4.79713E+00
