*** transform info ***
phi = 8.09787E+01
dx  = 6.60237E+00
dy  = 5.44403E+00
