*** transform info ***
phi = 1.71268E+02
dx  = -3.86332E+00
dy  = 1.39457E+00
