*** transform info ***
phi = 1.03796E+02
dx  = -3.53397E+00
dy  = -2.84248E+00
