*** transform info ***
phi = 1.42169E+01
dx  = 2.22782E+00
dy  = 6.43151E-02
