*** transform info ***
phi = 1.66395E+02
dx  = -3.33613E-01
dy  = -1.07664E+00
