*** transform info ***
phi = 1.55593E+02
dx  = -2.53735E+00
dy  = -1.90135E-01
