*** transform info ***
phi = 1.31975E+02
dx  = -4.31335E-01
dy  = -1.01281E-01
