*** transform info ***
phi = 6.86300E+01
dx  = -6.51217E+00
dy  = -4.35597E+00
