*** transform info ***
phi = 1.47805E+02
dx  = -3.56716E+00
dy  = -3.00280E+00
