*** transform info ***
phi = 1.54285E+02
dx  = 6.12325E+00
dy  = -4.26169E+00
