*** transform info ***
phi = 1.50167E+02
dx  = 1.68139E+00
dy  = 2.43044E+00
