*** transform info ***
phi = 3.83384E+01
dx  = 4.68069E+00
dy  = -1.13567E+00
