*** transform info ***
phi = 8.46013E+01
dx  = 1.81553E+00
dy  = -1.22547E+00
