*** transform info ***
phi = 7.76715E+01
dx  = -4.24487E+00
dy  = -2.79102E+00
