*** transform info ***
phi = 6.66181E+01
dx  = 3.29993E+00
dy  = -4.36951E+00
