*** transform info ***
phi = 6.40969E+01
dx  = -3.37348E+00
dy  = 2.59247E+00
