*** transform info ***
phi = 1.76847E+02
dx  = 5.99944E+00
dy  = -9.77174E-01
