*** transform info ***
phi = 6.90675E+01
dx  = 8.88951E-01
dy  = 3.52860E+00
