*** transform info ***
phi = 1.63469E+02
dx  = -5.29741E+00
dy  = 3.79312E+00
