*** transform info ***
phi = 1.06221E+02
dx  = -6.30740E-01
dy  = -3.52513E+00
