*** transform info ***
phi = 1.34231E+02
dx  = -6.73247E+00
dy  = -6.20943E-01
