*** transform info ***
phi = 4.70979E+01
dx  = 7.16768E-01
dy  = -1.01603E+00
