*** transform info ***
phi = 1.59010E+02
dx  = 5.54698E-01
dy  = -1.66451E+00
