*** transform info ***
phi = 1.48928E+02
dx  = 7.97961E+00
dy  = -2.13385E-01
