*** transform info ***
phi = 8.25648E+01
dx  = 4.00628E+00
dy  = 4.58014E-01
