*** transform info ***
phi = 9.09851E+01
dx  = -4.30954E+00
dy  = 3.23364E+00
