*** transform info ***
phi = 1.39773E+00
dx  = 2.70862E+00
dy  = 4.20390E-01
