*** transform info ***
phi = 7.58357E+01
dx  = -3.82451E-01
dy  = -4.52078E-01
