*** transform info ***
phi = 1.41096E+02
dx  = 1.74143E+00
dy  = 3.55340E+00
