*** transform info ***
phi = 1.75775E+02
dx  = 2.16004E+00
dy  = -2.34576E+00
