*** transform info ***
phi = 8.35954E+00
dx  = 5.32171E+00
dy  = -3.55738E+00
