*** transform info ***
phi = 8.80738E+01
dx  = -7.59106E+00
dy  = 3.61675E+00
