*** transform info ***
phi = 1.31861E+01
dx  = -5.26936E+00
dy  = 2.17450E+00
