*** transform info ***
phi = 1.06396E+02
dx  = 1.59738E+00
dy  = -9.40611E-01
