*** transform info ***
phi = 2.57502E+01
dx  = -5.59447E+00
dy  = 6.68709E-01
