*** transform info ***
phi = 1.55476E+02
dx  = -9.83294E-01
dy  = 2.72256E+00
