*** transform info ***
phi = 8.99323E+01
dx  = 5.80963E+00
dy  = 1.96391E+00
