*** transform info ***
phi = 4.09020E+01
dx  = 9.89513E-01
dy  = -6.04671E+00
