*** transform info ***
phi = 1.74507E+02
dx  = 4.94601E+00
dy  = 4.75331E+00
