*** transform info ***
phi = 1.42569E+02
dx  = 1.00897E+00
dy  = 5.55936E+00
