*** transform info ***
phi = 1.39945E+02
dx  = -3.80942E+00
dy  = 3.38383E+00
