*** transform info ***
phi = 7.48161E+01
dx  = 1.50266E+00
dy  = -2.89666E+00
