*** transform info ***
phi = 8.42579E+01
dx  = 3.33366E+00
dy  = -6.00243E-01
