*** transform info ***
phi = 1.48635E+02
dx  = -7.76498E+00
dy  = 2.21943E+00
