*** transform info ***
phi = 2.68170E+01
dx  = 6.56470E+00
dy  = 1.50595E+00
