*** transform info ***
phi = 2.71315E+00
dx  = 2.78128E+00
dy  = -2.48156E+00
