*** transform info ***
phi = 8.50796E+01
dx  = -4.26776E+00
dy  = 3.78251E+00
