*** transform info ***
phi = 1.63895E+02
dx  = 4.17820E+00
dy  = 1.08925E+00
