*** transform info ***
phi = 7.11526E+01
dx  = 6.67741E+00
dy  = 1.66637E+00
