*** transform info ***
phi = 3.70339E+01
dx  = 4.85313E+00
dy  = 1.95688E+00
