*** transform info ***
phi = 6.58212E+01
dx  = -5.87798E+00
dy  = 7.03271E+00
