*** transform info ***
phi = 4.26428E+01
dx  = -7.21844E+00
dy  = 3.45061E-01
