*** transform info ***
phi = 9.65423E+01
dx  = 6.46270E+00
dy  = -1.67963E+00
