*** transform info ***
phi = 1.63687E+02
dx  = -1.39782E+00
dy  = 3.16728E+00
