*** transform info ***
phi = 4.88525E+01
dx  = -1.31595E+00
dy  = 2.51479E-01
