*** transform info ***
phi = 1.70683E+02
dx  = -3.81468E+00
dy  = 2.14154E+00
