*** transform info ***
phi = 3.36154E+01
dx  = 2.54029E+00
dy  = 2.77579E+00
