*** transform info ***
phi = 1.35318E+02
dx  = 7.48886E+00
dy  = 2.72451E-01
