*** transform info ***
phi = 5.79534E+01
dx  = 2.91313E+00
dy  = -2.75118E+00
