*** transform info ***
phi = 1.50786E+02
dx  = 1.13437E+00
dy  = 3.42170E+00
