*** transform info ***
phi = 9.28170E+01
dx  = -6.78624E+00
dy  = -1.20164E+00
