*** transform info ***
phi = 5.55949E+01
dx  = -1.12939E+00
dy  = -4.67563E+00
