*** transform info ***
phi = 7.33039E+01
dx  = 6.20693E+00
dy  = 3.64731E+00
