*** transform info ***
phi = 5.97720E+01
dx  = 5.18819E+00
dy  = -3.15080E-01
