*** transform info ***
phi = 1.63130E+02
dx  = -5.39521E+00
dy  = -1.32051E+00
