*** transform info ***
phi = 5.23897E+01
dx  = 1.72669E-01
dy  = -3.34495E+00
