*** transform info ***
phi = 1.74285E+02
dx  = -4.61346E-01
dy  = -4.53135E+00
