*** transform info ***
phi = 9.57145E+01
dx  = -7.37888E+00
dy  = 2.08799E+00
