*** transform info ***
phi = 8.85900E+00
dx  = -2.28656E+00
dy  = -3.31070E+00
