*** transform info ***
phi = 3.02306E+01
dx  = -7.00592E-01
dy  = 4.39806E+00
