*** transform info ***
phi = 6.42783E+01
dx  = 4.05272E+00
dy  = 1.94259E+00
