*** transform info ***
phi = 1.64930E+02
dx  = 4.12226E+00
dy  = -3.13971E+00
