*** transform info ***
phi = 6.73894E+01
dx  = -7.35410E+00
dy  = -7.20596E+00
