*** transform info ***
phi = 4.73730E+00
dx  = 2.13318E+00
dy  = -1.45307E+00
