*** transform info ***
phi = 1.28426E+02
dx  = 2.10694E+00
dy  = -5.28290E-01
