*** transform info ***
phi = 1.18107E+02
dx  = -1.63627E+00
dy  = -3.04615E+00
