*** transform info ***
phi = 9.31528E+01
dx  = 6.76591E+00
dy  = 1.63463E+00
