*** transform info ***
phi = 6.40406E+01
dx  = -2.22028E+00
dy  = -5.36997E+00
