*** transform info ***
phi = 3.54313E+01
dx  = -3.51982E+00
dy  = 1.08501E+00
