*** transform info ***
phi = 9.61234E+01
dx  = 3.45804E+00
dy  = 1.60960E+00
