*** transform info ***
phi = 1.40403E+01
dx  = 4.12754E+00
dy  = 9.11994E-01
