*** transform info ***
phi = 6.57242E+00
dx  = 1.35786E-01
dy  = -3.83694E+00
