*** transform info ***
phi = 6.15517E+01
dx  = 1.39905E+00
dy  = -1.37133E+00
