*** transform info ***
phi = 1.45431E+02
dx  = -3.67747E-01
dy  = 8.64491E-01
