*** transform info ***
phi = 1.41420E+01
dx  = 3.49053E+00
dy  = 1.21341E+00
