*** transform info ***
phi = 1.47649E+02
dx  = 2.33194E+00
dy  = -2.19179E+00
