*** transform info ***
phi = 1.19755E+02
dx  = 2.05100E+00
dy  = 7.51819E-01
