*** transform info ***
phi = 1.16229E+02
dx  = -9.21120E-01
dy  = 8.16548E-01
