*** transform info ***
phi = 1.74477E+02
dx  = -1.42129E+00
dy  = 1.59519E+00
