*** transform info ***
phi = 2.59684E+01
dx  = -2.56661E+00
dy  = -3.50410E+00
