*** transform info ***
phi = 1.45594E+02
dx  = 3.78308E+00
dy  = 3.28719E+00
