*** transform info ***
phi = 5.14307E+00
dx  = 2.32734E+00
dy  = -2.71655E+00
