*** transform info ***
phi = 3.22040E+01
dx  = -6.92932E-01
dy  = -4.20536E+00
