*** transform info ***
phi = 8.76334E+01
dx  = 6.94694E+00
dy  = 2.55416E+00
