*** transform info ***
phi = 7.55245E+01
dx  = -2.73139E+00
dy  = -2.18610E+00
