*** transform info ***
phi = 7.88252E+01
dx  = -3.61315E+00
dy  = -1.71105E+00
