*** transform info ***
phi = 9.51619E+00
dx  = -2.59546E+00
dy  = 2.99248E+00
