*** transform info ***
phi = 9.29241E+01
dx  = 3.15864E+00
dy  = -2.72502E+00
