*** transform info ***
phi = 4.78466E+01
dx  = -1.82200E+00
dy  = -9.39777E-01
