*** transform info ***
phi = 1.36609E+02
dx  = 2.76173E+00
dy  = -4.02430E+00
