*** transform info ***
phi = 5.25683E+01
dx  = -5.01039E+00
dy  = -3.10511E+00
