*** transform info ***
phi = 1.33679E+02
dx  = 8.40084E-01
dy  = 5.32862E+00
