*** transform info ***
phi = 6.34644E+01
dx  = -6.34915E+00
dy  = -2.58804E+00
