*** transform info ***
phi = 6.24982E+01
dx  = 6.77901E+00
dy  = 1.72729E+00
