*** transform info ***
phi = 1.56933E+02
dx  = 7.40525E+00
dy  = 3.18472E+00
