*** transform info ***
phi = 1.45927E+02
dx  = 4.75745E+00
dy  = -3.47825E+00
