*** transform info ***
phi = 6.18908E+01
dx  = 5.78334E+00
dy  = 1.60440E-01
