*** transform info ***
phi = 1.51493E+02
dx  = -6.16936E+00
dy  = 1.20575E+00
