*** transform info ***
phi = 5.49470E+01
dx  = 2.17455E+00
dy  = -2.56903E+00
