*** transform info ***
phi = 9.36219E+01
dx  = -4.87381E+00
dy  = 2.18497E+00
