*** transform info ***
phi = 6.35796E+01
dx  = 4.66029E+00
dy  = 2.50354E+00
