*** transform info ***
phi = 5.64195E+00
dx  = 6.22970E+00
dy  = 1.25675E+00
