*** transform info ***
phi = 2.35182E+00
dx  = -3.35223E+00
dy  = 4.42507E+00
