*** transform info ***
phi = 2.29228E+01
dx  = -5.49747E+00
dy  = -1.19578E+00
