*** transform info ***
phi = 1.73982E+02
dx  = -7.71229E+00
dy  = 2.15308E+00
