*** transform info ***
phi = 7.02932E+01
dx  = 4.12627E+00
dy  = 5.65242E-01
