*** transform info ***
phi = 7.39068E+01
dx  = -4.74007E+00
dy  = 3.51494E+00
