*** transform info ***
phi = 7.04616E+00
dx  = -3.76286E+00
dy  = -2.67561E+00
