*** transform info ***
phi = 1.58932E+01
dx  = 1.67924E+00
dy  = -2.57840E+00
