*** transform info ***
phi = 4.49094E+01
dx  = 4.66209E+00
dy  = -2.79591E+00
