*** transform info ***
phi = 1.12400E+02
dx  = 7.33716E+00
dy  = 1.26951E+00
