*** transform info ***
phi = 1.63081E+02
dx  = -3.04007E-01
dy  = -3.80612E+00
