*** transform info ***
phi = 1.35020E+02
dx  = -1.97110E+00
dy  = -4.67707E+00
