*** transform info ***
phi = 1.06537E+02
dx  = -4.84097E+00
dy  = -2.00545E+00
