*** transform info ***
phi = 9.85729E+01
dx  = -3.04514E+00
dy  = 3.41791E+00
