*** transform info ***
phi = 1.71215E+02
dx  = -1.70418E+00
dy  = -4.28490E+00
