*** transform info ***
phi = 1.48733E+02
dx  = 5.28370E+00
dy  = -4.17864E+00
