*** transform info ***
phi = 1.49950E+02
dx  = 1.25058E+00
dy  = 4.43387E+00
