*** transform info ***
phi = 2.47194E+01
dx  = 6.21194E+00
dy  = -1.44383E+00
