*** transform info ***
phi = 1.61972E+02
dx  = 7.84642E+00
dy  = 5.63550E+00
