*** transform info ***
phi = 1.78764E+02
dx  = -5.80893E+00
dy  = 3.59063E-01
