*** transform info ***
phi = 9.08349E+01
dx  = -5.63609E+00
dy  = -5.34964E-01
