*** transform info ***
phi = 1.17388E+02
dx  = -2.10658E+00
dy  = 4.57799E-01
