*** transform info ***
phi = 3.74801E+01
dx  = 1.95716E+00
dy  = 1.58183E+00
