*** transform info ***
phi = 5.28839E+01
dx  = -5.76344E+00
dy  = 9.58300E-01
