*** transform info ***
phi = 1.64710E+02
dx  = -7.46939E+00
dy  = -3.04278E+00
