*** transform info ***
phi = 1.09594E+02
dx  = -5.81193E-01
dy  = 6.87036E-02
