*** transform info ***
phi = 5.71924E+01
dx  = 3.00427E+00
dy  = 7.13310E+00
