*** transform info ***
phi = 6.95117E+01
dx  = -3.32387E+00
dy  = -1.74212E+00
