*** transform info ***
phi = 9.19411E+01
dx  = -1.75724E+00
dy  = -2.37143E+00
