*** transform info ***
phi = 3.84710E+01
dx  = 1.02826E+00
dy  = 1.83851E+00
