*** transform info ***
phi = 5.62921E+01
dx  = 3.68242E+00
dy  = 3.27458E+00
