*** transform info ***
phi = 1.48679E+02
dx  = -2.68348E+00
dy  = 6.29579E-01
