*** transform info ***
phi = 1.32026E+02
dx  = -1.99966E+00
dy  = -4.69901E+00
