*** transform info ***
phi = 1.42080E+02
dx  = -2.07512E+00
dy  = -2.54256E+00
