*** transform info ***
phi = 8.76887E+01
dx  = 3.96329E+00
dy  = -1.81163E+00
