*** transform info ***
phi = 3.03101E+00
dx  = 3.10179E+00
dy  = -4.02547E+00
