*** transform info ***
phi = 6.96978E+01
dx  = -5.02418E+00
dy  = 2.21880E+00
