*** transform info ***
phi = 1.33791E+02
dx  = -2.84614E+00
dy  = -4.34873E+00
