*** transform info ***
phi = 1.45035E+01
dx  = -2.16242E+00
dy  = -1.84185E+00
