*** transform info ***
phi = 1.55702E+02
dx  = -5.05045E+00
dy  = -3.86359E+00
