*** transform info ***
phi = 2.21095E+01
dx  = 2.72900E+00
dy  = 2.83343E+00
