*** transform info ***
phi = 1.11108E+02
dx  = -5.02472E+00
dy  = -2.94662E-01
