*** transform info ***
phi = 1.24509E+02
dx  = 2.22926E+00
dy  = 3.76708E+00
