*** transform info ***
phi = 6.83420E+01
dx  = 6.72779E+00
dy  = 4.77752E+00
