*** transform info ***
phi = 1.41575E+02
dx  = 1.25031E+00
dy  = -4.40433E+00
