*** transform info ***
phi = 1.43723E+01
dx  = 2.17276E+00
dy  = -2.01067E+00
