*** transform info ***
phi = 4.64495E+01
dx  = 2.96323E+00
dy  = -5.34928E+00
