*** transform info ***
phi = 5.31322E+01
dx  = -8.82907E-01
dy  = 2.10784E+00
