*** transform info ***
phi = 1.70516E+02
dx  = -6.29874E+00
dy  = -3.59028E+00
