*** transform info ***
phi = 3.61234E+01
dx  = 5.89519E-01
dy  = -5.12827E+00
