*** transform info ***
phi = 6.32793E+01
dx  = -5.99641E+00
dy  = -6.40939E+00
