*** transform info ***
phi = 1.23007E+01
dx  = 6.13461E-01
dy  = -2.10812E+00
