*** transform info ***
phi = 7.71175E+01
dx  = -6.08176E+00
dy  = -3.55828E+00
