*** transform info ***
phi = 2.32748E+01
dx  = 2.10564E+00
dy  = -2.46381E+00
