*** transform info ***
phi = 8.98836E+01
dx  = 3.42171E-01
dy  = -4.21319E+00
