*** transform info ***
phi = 1.28200E+01
dx  = 2.37912E+00
dy  = 1.66257E+00
