*** transform info ***
phi = 1.59727E+02
dx  = 5.76065E+00
dy  = -4.25581E+00
