*** transform info ***
phi = 1.35051E+02
dx  = -7.15541E-01
dy  = -6.06220E+00
