*** transform info ***
phi = 1.20811E+02
dx  = 8.29820E-02
dy  = 4.40554E+00
