*** transform info ***
phi = 3.39442E+01
dx  = 1.16857E+00
dy  = 2.63650E+00
