*** transform info ***
phi = 1.66114E+02
dx  = 1.69130E+00
dy  = -9.47613E-01
