*** transform info ***
phi = 1.56486E+02
dx  = -7.16964E+00
dy  = -6.26781E+00
