*** transform info ***
phi = 1.31944E+01
dx  = -3.28729E+00
dy  = 2.71692E+00
