*** transform info ***
phi = 8.73110E+01
dx  = -2.97213E+00
dy  = 2.01557E+00
