*** transform info ***
phi = 1.59483E+02
dx  = 1.31145E+00
dy  = 2.16791E+00
