*** transform info ***
phi = 6.88529E+00
dx  = -6.41952E+00
dy  = -2.25548E+00
