*** transform info ***
phi = 5.86100E+01
dx  = -2.81185E+00
dy  = 1.77400E+00
