*** transform info ***
phi = 9.90226E+01
dx  = -6.96117E+00
dy  = 2.47232E-01
