*** transform info ***
phi = 2.76783E+01
dx  = 2.69722E+00
dy  = -3.00209E+00
