*** transform info ***
phi = 2.34532E+01
dx  = 4.24552E+00
dy  = -2.46931E+00
