*** transform info ***
phi = 1.23100E+02
dx  = -1.66840E+00
dy  = 1.77891E+00
