*** transform info ***
phi = 1.42073E+02
dx  = -2.17847E+00
dy  = 7.10643E+00
