*** transform info ***
phi = 9.20892E+01
dx  = -6.80168E+00
dy  = 1.46315E+00
