*** transform info ***
phi = 1.15787E+02
dx  = -3.16969E+00
dy  = 1.71763E+00
