*** transform info ***
phi = 1.39267E+02
dx  = 3.63246E+00
dy  = -2.31683E+00
