*** transform info ***
phi = 1.57707E+02
dx  = -4.68730E+00
dy  = -2.46548E+00
