*** transform info ***
phi = 7.35406E+01
dx  = -1.23037E+00
dy  = 4.14897E+00
