*** transform info ***
phi = 1.50450E+02
dx  = -7.94436E+00
dy  = 5.04849E-01
