*** transform info ***
phi = 1.67032E+02
dx  = 7.12100E+00
dy  = -4.87985E+00
