*** transform info ***
phi = 1.38261E+02
dx  = -1.15262E+00
dy  = 6.33443E+00
