*** transform info ***
phi = 1.20770E+02
dx  = -4.05787E+00
dy  = -1.95906E+00
