*** transform info ***
phi = 1.71180E+02
dx  = -6.92014E+00
dy  = 4.44049E-01
