*** transform info ***
phi = 1.35092E+02
dx  = -3.94988E+00
dy  = 2.49978E+00
