*** transform info ***
phi = 1.01157E+02
dx  = -2.06182E+00
dy  = -2.99332E-01
