*** transform info ***
phi = 9.96521E+01
dx  = -2.94752E+00
dy  = 2.06088E+00
