*** transform info ***
phi = 2.52108E+01
dx  = 4.05500E+00
dy  = -4.72021E-01
