*** transform info ***
phi = 6.62626E+01
dx  = -4.46076E+00
dy  = -6.35009E+00
