*** transform info ***
phi = 6.73582E+01
dx  = -7.23773E+00
dy  = 5.58131E+00
