*** transform info ***
phi = 1.62717E+01
dx  = -1.51417E+00
dy  = 3.74901E+00
