*** transform info ***
phi = 1.62000E+02
dx  = 7.76189E+00
dy  = 6.13709E+00
