*** transform info ***
phi = 6.41803E+00
dx  = 3.42954E+00
dy  = 1.05840E+00
