*** transform info ***
phi = 5.78157E+01
dx  = -9.99780E-01
dy  = 3.40408E+00
