*** transform info ***
phi = 1.38228E+02
dx  = 2.26836E+00
dy  = -2.96193E+00
