*** transform info ***
phi = 3.59554E+00
dx  = 1.81792E-01
dy  = -2.81381E+00
