*** transform info ***
phi = 1.69615E+02
dx  = -4.56896E+00
dy  = 4.93682E+00
