*** transform info ***
phi = 1.74939E+02
dx  = -6.43536E+00
dy  = -4.67431E+00
