*** transform info ***
phi = 1.18976E+02
dx  = -7.29980E-03
dy  = -4.51168E+00
