*** transform info ***
phi = 1.04812E+01
dx  = -3.67356E+00
dy  = 7.36803E-02
