*** transform info ***
phi = 1.16643E+02
dx  = 5.19766E+00
dy  = -2.15963E-01
