*** transform info ***
phi = 5.58890E+01
dx  = -5.76931E-01
dy  = -4.99911E+00
