*** transform info ***
phi = 7.17809E+01
dx  = 3.06420E+00
dy  = -3.76690E+00
