*** transform info ***
phi = 1.18569E+02
dx  = -7.67824E+00
dy  = 7.80168E-01
