*** transform info ***
phi = 9.10463E+01
dx  = -2.76263E+00
dy  = 2.59923E+00
