*** transform info ***
phi = 7.56794E+01
dx  = -7.53049E+00
dy  = 1.69119E-01
