*** transform info ***
phi = 1.56709E+02
dx  = 7.33230E+00
dy  = -1.77055E+00
