*** transform info ***
phi = 8.43625E+01
dx  = -7.63262E+00
dy  = -5.06917E+00
