*** transform info ***
phi = 1.75736E+02
dx  = -2.29646E+00
dy  = 2.23884E+00
