*** transform info ***
phi = 5.43944E+01
dx  = -2.70683E+00
dy  = 6.38052E+00
