*** transform info ***
phi = 7.00775E+00
dx  = 6.29157E+00
dy  = -1.35682E+00
