*** transform info ***
phi = 7.11766E+01
dx  = 4.42538E+00
dy  = -2.71064E+00
