*** transform info ***
phi = 1.32811E+02
dx  = 2.21745E+00
dy  = 1.95634E+00
