*** transform info ***
phi = 5.14107E+01
dx  = -2.33786E+00
dy  = 6.71622E+00
