*** transform info ***
phi = 2.66189E+01
dx  = -4.71914E+00
dy  = -2.02669E+00
