*** transform info ***
phi = 1.71144E+02
dx  = 5.11776E+00
dy  = -1.23662E+00
