*** transform info ***
phi = 1.74127E+02
dx  = 5.46506E+00
dy  = 6.80248E-01
