*** transform info ***
phi = 4.63034E+01
dx  = 1.24800E+00
dy  = 4.98103E+00
