*** transform info ***
phi = 9.51530E+01
dx  = 5.70599E+00
dy  = 2.16834E+00
