*** transform info ***
phi = 1.47314E+02
dx  = -6.30529E-01
dy  = -4.42865E+00
