*** transform info ***
phi = 5.81381E-01
dx  = -5.31499E+00
dy  = 1.14860E+00
