*** transform info ***
phi = 1.59213E+02
dx  = -2.06953E+00
dy  = -4.15625E+00
