*** transform info ***
phi = 4.78378E+01
dx  = 4.50042E+00
dy  = 3.08832E+00
