*** transform info ***
phi = 8.13274E+01
dx  = 3.55652E+00
dy  = -1.32678E+00
