*** transform info ***
phi = 4.32479E+01
dx  = -1.34438E+00
dy  = -2.77597E+00
