*** transform info ***
phi = 1.03909E+02
dx  = -5.22734E+00
dy  = 2.48578E+00
