*** transform info ***
phi = 1.65573E+02
dx  = 7.70010E+00
dy  = 1.53645E+00
