*** transform info ***
phi = 1.55153E+02
dx  = 3.29335E+00
dy  = 2.58342E+00
