*** transform info ***
phi = 1.53547E+02
dx  = -5.16019E-01
dy  = 3.18173E+00
