*** transform info ***
phi = 9.32738E+01
dx  = 1.94075E+00
dy  = -2.90247E+00
