*** transform info ***
phi = 8.97668E+01
dx  = 3.86196E+00
dy  = -2.30297E+00
