*** transform info ***
phi = 9.59678E+01
dx  = -2.18437E+00
dy  = -3.11297E+00
