*** transform info ***
phi = 9.39444E+01
dx  = 2.86457E+00
dy  = 2.54868E+00
