*** transform info ***
phi = 1.20117E+02
dx  = -4.30722E+00
dy  = -6.61403E-01
