*** transform info ***
phi = 7.04060E+01
dx  = 5.82117E-02
dy  = -6.59700E-02
