*** transform info ***
phi = 3.61071E+01
dx  = 2.78998E+00
dy  = -2.07976E+00
