*** transform info ***
phi = 1.52385E+02
dx  = -5.62192E-01
dy  = -3.59696E+00
