*** transform info ***
phi = 1.56528E+02
dx  = -5.06850E+00
dy  = 5.26352E+00
