*** transform info ***
phi = 5.71827E+01
dx  = -7.47931E-01
dy  = 3.04588E+00
