*** transform info ***
phi = 1.52357E+02
dx  = 4.07449E+00
dy  = -2.53080E-01
