*** transform info ***
phi = 1.68178E+02
dx  = 5.60365E+00
dy  = -1.42587E+00
