*** transform info ***
phi = 6.06038E+01
dx  = 4.00490E+00
dy  = 2.08793E+00
