*** transform info ***
phi = 1.36978E+02
dx  = 2.54104E+00
dy  = 2.64187E+00
