*** transform info ***
phi = 1.48011E+02
dx  = -3.29793E+00
dy  = -3.69465E-04
