*** transform info ***
phi = 9.05396E+01
dx  = -2.10054E-01
dy  = -1.01740E+00
