*** transform info ***
phi = 2.95258E+01
dx  = 7.21735E+00
dy  = 7.79117E-01
