*** transform info ***
phi = 7.92695E+01
dx  = -5.85851E+00
dy  = 4.66712E+00
