*** transform info ***
phi = 1.16811E+02
dx  = -3.47388E+00
dy  = -7.25999E-01
