*** transform info ***
phi = 8.37145E+01
dx  = 3.04618E+00
dy  = -7.74065E-01
