*** transform info ***
phi = 6.11588E+01
dx  = -4.15031E+00
dy  = -1.17960E+00
