*** transform info ***
phi = 3.37198E+01
dx  = 3.61820E+00
dy  = -6.82735E-01
