*** transform info ***
phi = 1.47463E+02
dx  = 7.77927E+00
dy  = 9.94963E-01
