*** transform info ***
phi = 1.08267E+02
dx  = -3.41476E+00
dy  = -2.64054E+00
