*** transform info ***
phi = 9.64986E+01
dx  = 1.72717E+00
dy  = 8.53629E-01
