*** transform info ***
phi = 8.02730E+01
dx  = -4.79447E-01
dy  = -7.29375E-01
