*** transform info ***
phi = 8.20011E+01
dx  = 7.25734E+00
dy  = -3.52756E-01
