*** transform info ***
phi = 1.55338E+02
dx  = -4.22651E+00
dy  = -1.88085E+00
