*** transform info ***
phi = 1.68503E+02
dx  = 7.33105E+00
dy  = -4.62539E+00
