*** transform info ***
phi = 5.62077E+01
dx  = -2.26650E+00
dy  = -3.23303E+00
