*** transform info ***
phi = 8.44137E+01
dx  = -5.95259E+00
dy  = 2.09435E+00
