*** transform info ***
phi = 1.25668E+02
dx  = -8.64871E-01
dy  = -1.06713E+00
