*** transform info ***
phi = 1.16731E+02
dx  = -3.59534E+00
dy  = 7.43707E-01
