*** transform info ***
phi = 1.31482E+02
dx  = 4.35056E+00
dy  = -3.14956E+00
