*** transform info ***
phi = 1.75691E+02
dx  = 4.40172E+00
dy  = -4.75841E+00
