*** transform info ***
phi = 8.88281E+01
dx  = -5.42804E+00
dy  = -4.89558E-01
