*** transform info ***
phi = 1.84234E+01
dx  = -3.95946E+00
dy  = 5.57252E-01
