*** transform info ***
phi = 1.11215E+02
dx  = -4.17817E+00
dy  = 1.44393E+00
