*** transform info ***
phi = 6.31667E+01
dx  = -1.04654E-02
dy  = 4.66990E+00
