*** transform info ***
phi = 1.43622E+02
dx  = 4.64616E+00
dy  = 2.82342E+00
