*** transform info ***
phi = 1.71699E+02
dx  = -7.77166E+00
dy  = -3.99941E+00
