*** transform info ***
phi = 1.31700E+02
dx  = -1.83448E+00
dy  = 1.86434E+00
