*** transform info ***
phi = 1.53042E+02
dx  = -5.52852E+00
dy  = -1.12872E+00
