*** transform info ***
phi = 5.43493E+01
dx  = 1.16466E+00
dy  = 5.14589E+00
