*** transform info ***
phi = 5.68556E+01
dx  = 3.49552E+00
dy  = 7.44035E+00
