*** transform info ***
phi = 1.63935E+02
dx  = -7.73298E+00
dy  = -5.47632E-01
