*** transform info ***
phi = 1.52123E+02
dx  = 1.43746E+00
dy  = 3.98323E+00
