*** transform info ***
phi = 7.16449E+01
dx  = 1.88098E+00
dy  = 2.83768E+00
