*** transform info ***
phi = 6.13532E+01
dx  = 4.74250E-01
dy  = -3.68957E+00
