*** transform info ***
phi = 4.45611E+01
dx  = 1.26893E+00
dy  = -5.14573E+00
