*** transform info ***
phi = 1.42073E+02
dx  = 1.64113E+00
dy  = -6.27411E+00
