*** transform info ***
phi = 1.55961E+02
dx  = -5.87958E-01
dy  = -9.77147E-01
