*** transform info ***
phi = 8.73206E+01
dx  = 6.67023E-01
dy  = 3.78096E+00
