*** transform info ***
phi = 5.88162E+01
dx  = -1.04718E+00
dy  = 2.81291E+00
