*** transform info ***
phi = 1.40737E+02
dx  = 6.18390E-01
dy  = -6.37085E+00
