*** transform info ***
phi = 1.65608E+02
dx  = -6.98204E+00
dy  = -4.99007E-01
