*** transform info ***
phi = 7.42046E+01
dx  = -7.39398E+00
dy  = 1.92547E+00
