*** transform info ***
phi = 1.26564E+02
dx  = -1.27899E+00
dy  = -4.27380E+00
