*** transform info ***
phi = 1.73025E+02
dx  = 4.59159E+00
dy  = -3.99006E+00
