*** transform info ***
phi = 1.30037E+02
dx  = 2.18689E+00
dy  = 3.20610E+00
