*** transform info ***
phi = 1.53055E+02
dx  = -6.34531E+00
dy  = -6.45739E-01
