*** transform info ***
phi = 1.69992E+02
dx  = 6.22762E+00
dy  = -3.53286E+00
