*** transform info ***
phi = 1.56434E+02
dx  = -4.99363E+00
dy  = 4.72313E+00
