*** transform info ***
phi = 1.76683E+02
dx  = -2.70460E+00
dy  = 1.48175E+00
