*** transform info ***
phi = 2.43479E+01
dx  = -2.02549E+00
dy  = 2.67348E+00
