*** transform info ***
phi = 1.77054E+02
dx  = 6.72591E+00
dy  = -4.81379E+00
