*** transform info ***
phi = 9.41511E+01
dx  = -4.34131E-01
dy  = -2.71592E+00
