*** transform info ***
phi = 1.31265E+02
dx  = -1.16017E+00
dy  = -5.12065E+00
