*** transform info ***
phi = 9.16431E+01
dx  = 1.15150E+00
dy  = 3.63728E+00
