*** transform info ***
phi = 1.39881E+02
dx  = -4.94840E+00
dy  = 1.35948E-01
