*** transform info ***
phi = 1.57315E+02
dx  = -1.45359E+00
dy  = -3.49703E-02
