*** transform info ***
phi = 1.15223E+02
dx  = -4.25967E+00
dy  = -1.31497E+00
