*** transform info ***
phi = 1.67957E+02
dx  = -2.70738E+00
dy  = 4.80621E+00
