*** transform info ***
phi = 7.22807E+01
dx  = -6.87238E+00
dy  = 2.38401E-01
