*** transform info ***
phi = 1.25052E+02
dx  = 1.20355E+00
dy  = -3.83075E+00
