*** transform info ***
phi = 7.97938E+01
dx  = -6.34088E+00
dy  = -2.69664E+00
