*** transform info ***
phi = 1.80535E+01
dx  = -1.12737E+00
dy  = -2.64831E+00
