*** transform info ***
phi = 1.98798E+01
dx  = 1.65831E+00
dy  = -3.48648E+00
