*** transform info ***
phi = 1.38045E+02
dx  = -6.56209E-01
dy  = -4.24601E+00
