*** transform info ***
phi = 2.86893E+01
dx  = 4.09763E+00
dy  = 2.33932E+00
