*** transform info ***
phi = 1.59548E+02
dx  = 4.01362E+00
dy  = 5.91885E+00
