*** transform info ***
phi = 8.11005E+00
dx  = 1.57032E-01
dy  = -8.67210E-01
