*** transform info ***
phi = 1.75785E+02
dx  = -4.25944E+00
dy  = -8.71605E-01
