*** transform info ***
phi = 9.43308E+01
dx  = 4.21870E-01
dy  = -1.95053E+00
