*** transform info ***
phi = 5.29636E+01
dx  = 3.91641E+00
dy  = 2.74752E+00
