*** transform info ***
phi = 3.03008E+01
dx  = 7.73653E+00
dy  = 6.67208E-01
