*** transform info ***
phi = 6.78738E+01
dx  = -5.73958E+00
dy  = -4.19065E+00
