*** transform info ***
phi = 1.03839E+02
dx  = 6.81123E+00
dy  = -1.14824E-01
