*** transform info ***
phi = 4.67451E+01
dx  = -1.45165E+00
dy  = -6.77552E+00
