*** transform info ***
phi = 6.81732E+00
dx  = 1.04082E+00
dy  = 1.23636E+00
