*** transform info ***
phi = 4.09258E+01
dx  = -7.07850E+00
dy  = -3.14934E-01
