*** transform info ***
phi = 3.72303E+00
dx  = 7.83658E+00
dy  = -2.97150E+00
