*** transform info ***
phi = 9.99439E+01
dx  = 1.29441E+00
dy  = -4.54592E-01
