*** transform info ***
phi = 1.64516E+01
dx  = 4.26156E+00
dy  = -1.56420E+00
