*** transform info ***
phi = 1.34613E+02
dx  = -1.50959E+00
dy  = -3.01790E+00
