*** transform info ***
phi = 6.20254E+01
dx  = 4.73008E+00
dy  = -6.26842E+00
