*** transform info ***
phi = 5.61425E+01
dx  = -5.63075E+00
dy  = -3.85702E+00
