*** transform info ***
phi = 1.30699E+02
dx  = 2.60161E+00
dy  = 1.31411E+00
