*** transform info ***
phi = 1.65748E+02
dx  = 7.72551E+00
dy  = -6.94051E-01
