*** transform info ***
phi = 6.29230E+01
dx  = -3.16364E+00
dy  = -9.27303E-01
