*** transform info ***
phi = 4.06502E+01
dx  = 4.03563E+00
dy  = 5.90999E-01
