*** transform info ***
phi = 1.11575E+02
dx  = 1.43314E+00
dy  = -2.72410E+00
