*** transform info ***
phi = 1.44627E+02
dx  = 1.91736E+00
dy  = 5.97170E+00
