*** transform info ***
phi = 6.58224E+01
dx  = -1.26004E+00
dy  = 2.35870E-01
