*** transform info ***
phi = 8.89850E+01
dx  = 7.71047E+00
dy  = 1.26015E+00
