*** transform info ***
phi = 1.76974E+02
dx  = -1.86208E+00
dy  = 4.02598E+00
