*** transform info ***
phi = 1.29754E+02
dx  = -5.09294E+00
dy  = -5.43681E-01
