*** transform info ***
phi = 8.04370E+01
dx  = -7.71668E+00
dy  = 4.94116E-01
