*** transform info ***
phi = 1.37266E+02
dx  = 1.94953E+00
dy  = -1.80169E-01
