*** transform info ***
phi = 6.97053E+00
dx  = -1.79662E+00
dy  = 3.81195E+00
