*** transform info ***
phi = 8.21620E+01
dx  = -2.92106E+00
dy  = 3.61501E+00
