*** transform info ***
phi = 1.73588E+02
dx  = 7.92914E+00
dy  = 2.97444E+00
