*** transform info ***
phi = 1.53189E+02
dx  = -3.02722E+00
dy  = -4.05120E+00
