*** transform info ***
phi = 2.11390E+01
dx  = 1.09815E+00
dy  = -3.35731E+00
