*** transform info ***
phi = 1.73148E+02
dx  = 4.64963E+00
dy  = 1.56611E+00
