*** transform info ***
phi = 3.91652E+01
dx  = -2.21856E+00
dy  = -3.87528E+00
