*** transform info ***
phi = 1.44538E+02
dx  = 6.82845E+00
dy  = -2.68113E+00
