*** transform info ***
phi = 1.68656E+02
dx  = 6.48058E-01
dy  = 2.88406E+00
