*** transform info ***
phi = 1.73108E+02
dx  = -6.33392E-01
dy  = 6.24700E-01
