*** transform info ***
phi = 1.56601E+02
dx  = 7.11823E+00
dy  = -3.55795E+00
