*** transform info ***
phi = 8.24798E+01
dx  = -5.43521E+00
dy  = 9.77843E-01
