*** transform info ***
phi = 1.04703E+02
dx  = -6.45121E+00
dy  = -1.35067E+00
