*** transform info ***
phi = 1.40374E+02
dx  = 1.87968E-01
dy  = 6.72303E+00
