*** transform info ***
phi = 1.43372E+02
dx  = 1.57315E+00
dy  = 5.91993E+00
