*** transform info ***
phi = 6.85471E+01
dx  = 9.39057E-01
dy  = -1.30871E+00
