*** transform info ***
phi = 1.29117E+02
dx  = 7.70491E+00
dy  = 3.88593E-01
