*** transform info ***
phi = 7.53406E+01
dx  = 7.13117E+00
dy  = 4.18161E+00
