*** transform info ***
phi = 1.07635E+02
dx  = 6.81282E+00
dy  = -1.74618E+00
