*** transform info ***
phi = 6.92276E+01
dx  = -6.24604E+00
dy  = 2.79575E+00
