*** transform info ***
phi = 1.54969E+00
dx  = 1.57235E+00
dy  = 3.41966E+00
