*** transform info ***
phi = 1.70888E+02
dx  = -4.02812E+00
dy  = 2.64934E+00
