*** transform info ***
phi = 1.72373E+02
dx  = 3.04938E+00
dy  = -2.04285E-01
