*** transform info ***
phi = 1.57999E+02
dx  = -1.32425E+00
dy  = -8.44555E-01
