*** transform info ***
phi = 7.92848E+00
dx  = -5.38133E+00
dy  = -3.72246E+00
