*** transform info ***
phi = 1.61440E+02
dx  = 2.74120E+00
dy  = -4.95868E+00
