*** transform info ***
phi = 8.97979E+01
dx  = -7.90951E+00
dy  = 4.21420E+00
