*** transform info ***
phi = 1.26631E+02
dx  = -5.82959E+00
dy  = 8.51773E-02
