*** transform info ***
phi = 1.38010E+02
dx  = 5.12659E+00
dy  = -1.73359E+00
