*** transform info ***
phi = 2.38871E-01
dx  = 6.05992E+00
dy  = 1.92369E-01
