*** transform info ***
phi = 1.67692E+02
dx  = 4.97831E+00
dy  = 4.28816E-02
