*** transform info ***
phi = 1.73147E+02
dx  = 2.18712E+00
dy  = -4.11656E+00
