*** transform info ***
phi = 1.62639E+02
dx  = 4.23255E+00
dy  = 1.72962E-01
