*** transform info ***
phi = 1.60981E+02
dx  = -1.13638E+00
dy  = 2.81889E+00
