*** transform info ***
phi = 1.39486E+02
dx  = 5.27745E+00
dy  = 2.90009E+00
