*** transform info ***
phi = 2.12391E+00
dx  = 4.47810E+00
dy  = 4.17929E+00
