*** transform info ***
phi = 3.10558E+01
dx  = 1.58634E-01
dy  = 8.94184E-01
