*** transform info ***
phi = 5.08858E+01
dx  = -2.92021E+00
dy  = -2.25099E+00
