*** transform info ***
phi = 1.56470E+02
dx  = 5.93058E+00
dy  = 4.24240E+00
