*** transform info ***
phi = 1.44818E+02
dx  = -3.31810E-01
dy  = 3.12469E+00
