*** transform info ***
phi = 1.29386E+02
dx  = -1.46274E+00
dy  = -9.38028E-01
