*** transform info ***
phi = 8.58329E+01
dx  = 2.90619E+00
dy  = -1.87931E+00
