*** transform info ***
phi = 1.27985E+02
dx  = 1.92822E+00
dy  = -3.27197E+00
