*** transform info ***
phi = 1.78259E+01
dx  = 5.69063E-01
dy  = 1.20732E+00
