*** transform info ***
phi = 8.01870E+01
dx  = -4.11137E+00
dy  = -5.10356E+00
