*** transform info ***
phi = 6.85218E+01
dx  = -7.77130E+00
dy  = 2.78824E+00
