*** transform info ***
phi = 1.52312E+02
dx  = 3.41398E-01
dy  = 1.41685E+00
