*** transform info ***
phi = 9.41886E+01
dx  = -2.56384E+00
dy  = -9.93515E-01
