*** transform info ***
phi = 7.86836E+01
dx  = -3.33062E+00
dy  = 4.42228E+00
