*** transform info ***
phi = 7.84477E+01
dx  = 4.31557E+00
dy  = 1.46850E+00
