*** transform info ***
phi = 1.72259E+02
dx  = 2.87033E+00
dy  = 4.72834E+00
