*** transform info ***
phi = 9.53500E+01
dx  = 7.96078E+00
dy  = -7.33858E-01
