*** transform info ***
phi = 9.72903E+01
dx  = 3.95328E+00
dy  = 1.51272E+00
