*** transform info ***
phi = 1.55893E+00
dx  = 4.67282E+00
dy  = 9.37156E-01
