*** transform info ***
phi = 1.16699E+02
dx  = 5.59399E+00
dy  = 7.55333E-01
