*** transform info ***
phi = 1.62446E+02
dx  = -4.52165E+00
dy  = -5.63326E+00
