*** transform info ***
phi = 1.67704E+02
dx  = -7.81008E+00
dy  = 5.60158E+00
