*** transform info ***
phi = 1.51213E+02
dx  = 7.04827E+00
dy  = -2.07749E+00
