*** transform info ***
phi = 8.03745E+01
dx  = 3.29399E+00
dy  = 3.12184E+00
