*** transform info ***
phi = 1.54653E+02
dx  = -2.97009E+00
dy  = -4.84941E+00
