*** transform info ***
phi = 1.53724E+02
dx  = 5.11276E+00
dy  = 6.47375E+00
