*** transform info ***
phi = 1.22444E+02
dx  = 6.36044E-01
dy  = 4.88028E+00
