*** transform info ***
phi = 1.64022E+02
dx  = 6.91643E+00
dy  = 6.96067E-01
