*** transform info ***
phi = 1.47435E+02
dx  = 5.38432E+00
dy  = -5.65736E-01
