*** transform info ***
phi = 1.43214E+02
dx  = 1.16693E+00
dy  = 2.86111E+00
