*** transform info ***
phi = 1.18891E+02
dx  = 2.74055E+00
dy  = -6.63608E-02
