*** transform info ***
phi = 8.14845E+01
dx  = -5.02893E+00
dy  = 1.59720E+00
