*** transform info ***
phi = 7.35758E+01
dx  = -3.11511E+00
dy  = 2.73455E+00
