*** transform info ***
phi = 1.36942E+02
dx  = 7.00469E+00
dy  = -1.12621E+00
