*** transform info ***
phi = 1.40238E+02
dx  = -3.72023E+00
dy  = 1.79961E+00
