*** transform info ***
phi = 1.54970E+02
dx  = -4.23915E+00
dy  = -5.85869E+00
