*** transform info ***
phi = 1.74512E+02
dx  = -5.49532E+00
dy  = -2.86339E+00
