*** transform info ***
phi = 8.81544E+01
dx  = 2.07222E+00
dy  = 8.78535E-01
