*** transform info ***
phi = 1.25175E+02
dx  = -5.14416E-01
dy  = -5.51795E+00
