*** transform info ***
phi = 1.30202E+02
dx  = -4.62247E+00
dy  = 2.92533E+00
