*** transform info ***
phi = 3.54748E+00
dx  = -5.50952E+00
dy  = -8.54108E-01
