*** transform info ***
phi = 1.77727E+02
dx  = -1.76845E+00
dy  = -3.00947E+00
