*** transform info ***
phi = 1.37369E+02
dx  = 5.36132E+00
dy  = -4.68155E-01
