*** transform info ***
phi = 3.70617E+01
dx  = 2.18526E-01
dy  = 3.22499E+00
