*** transform info ***
phi = 7.69603E+01
dx  = 1.52260E+00
dy  = -3.66915E+00
