*** transform info ***
phi = 1.38080E+02
dx  = 2.65100E+00
dy  = -3.02569E+00
