*** transform info ***
phi = 1.13868E+02
dx  = 4.20721E+00
dy  = -1.83587E+00
