*** transform info ***
phi = 1.43855E+02
dx  = 2.48704E+00
dy  = 5.20259E+00
