*** transform info ***
phi = 9.09715E+01
dx  = -2.13214E+00
dy  = -4.28435E+00
