*** transform info ***
phi = 3.25886E+01
dx  = -7.07117E+00
dy  = 6.28681E-02
