*** transform info ***
phi = 1.77790E+02
dx  = 6.86754E+00
dy  = 2.10268E-01
