*** transform info ***
phi = 7.48178E+01
dx  = -2.13387E+00
dy  = 3.05901E+00
