*** transform info ***
phi = 1.47458E+02
dx  = -4.25498E+00
dy  = 6.63452E+00
