*** transform info ***
phi = 1.62285E+01
dx  = 5.44489E+00
dy  = -1.14379E+00
