*** transform info ***
phi = 1.62458E+02
dx  = -6.85663E+00
dy  = 5.77830E+00
