*** transform info ***
phi = 6.71343E+01
dx  = 4.34124E+00
dy  = -5.30686E+00
