*** transform info ***
phi = 7.16627E+01
dx  = -3.12091E+00
dy  = 2.22204E-01
