*** transform info ***
phi = 3.41960E+00
dx  = -5.83540E+00
dy  = 5.56194E-01
