*** transform info ***
phi = 8.48917E+01
dx  = 5.53843E+00
dy  = 3.37207E-01
