*** transform info ***
phi = 1.77723E+02
dx  = 1.18543E+00
dy  = 2.94057E-01
