*** transform info ***
phi = 1.29064E+01
dx  = -4.33154E+00
dy  = -1.56462E+00
