*** transform info ***
phi = 5.56671E+00
dx  = 2.19617E+00
dy  = 9.11421E-01
