*** transform info ***
phi = 7.22155E+01
dx  = -3.22578E+00
dy  = -1.21373E+00
