*** transform info ***
phi = 7.05791E+01
dx  = -4.19861E+00
dy  = -4.62246E+00
