*** transform info ***
phi = 5.14426E+01
dx  = 4.15478E+00
dy  = -1.16983E+00
