*** transform info ***
phi = 1.04763E+02
dx  = 1.94595E+00
dy  = 2.42938E+00
