*** transform info ***
phi = 4.39044E+01
dx  = 5.68898E-01
dy  = 2.38912E+00
