*** transform info ***
phi = 6.46049E+01
dx  = 2.20885E+00
dy  = 7.23358E-01
