*** transform info ***
phi = 8.94716E+01
dx  = 2.58331E+00
dy  = -4.10523E+00
