*** transform info ***
phi = 1.59328E+02
dx  = -1.37423E+00
dy  = -4.66061E+00
