*** transform info ***
phi = 5.22301E+01
dx  = 3.15234E-01
dy  = -5.67077E+00
