*** transform info ***
phi = 9.15904E+01
dx  = 6.35805E+00
dy  = -2.42520E+00
