*** transform info ***
phi = 5.71641E+01
dx  = 3.50999E+00
dy  = -4.17824E+00
