*** transform info ***
phi = 4.68427E+01
dx  = -1.40986E+00
dy  = 5.33599E+00
