*** transform info ***
phi = 7.70710E+01
dx  = 3.70567E+00
dy  = 4.07658E+00
