*** transform info ***
phi = 6.48216E+01
dx  = -1.62679E-01
dy  = -2.56558E+00
