*** transform info ***
phi = 1.77651E+02
dx  = 7.27388E+00
dy  = 2.91837E+00
