*** transform info ***
phi = 5.63532E+01
dx  = -3.30091E-01
dy  = 9.51550E-01
