*** transform info ***
phi = 1.76721E+02
dx  = -1.99690E+00
dy  = -7.33110E-01
