*** transform info ***
phi = 1.74555E+02
dx  = 7.47445E+00
dy  = 1.99217E+00
