*** transform info ***
phi = 1.20883E+01
dx  = -5.79124E+00
dy  = 9.20820E-01
