*** transform info ***
phi = 1.31054E+01
dx  = -6.55993E+00
dy  = -1.12408E-01
