*** transform info ***
phi = 8.42578E+01
dx  = 1.53762E+00
dy  = 3.40052E+00
