*** transform info ***
phi = 1.53369E+02
dx  = 3.25514E+00
dy  = 7.00629E-01
