*** transform info ***
phi = 1.63679E+00
dx  = 6.72114E+00
dy  = -2.65093E-01
