*** transform info ***
phi = 9.07290E+01
dx  = -4.66930E+00
dy  = -2.83975E+00
