*** transform info ***
phi = 1.39347E+02
dx  = 5.75169E-01
dy  = -3.68786E+00
