*** transform info ***
phi = 1.10032E+02
dx  = 2.37028E+00
dy  = -1.41675E+00
