*** transform info ***
phi = 6.28152E+01
dx  = 2.77486E+00
dy  = 1.72138E+00
