*** transform info ***
phi = 7.74185E+01
dx  = -5.52413E+00
dy  = -5.45206E+00
