*** transform info ***
phi = 1.78364E+02
dx  = -2.57472E+00
dy  = -3.35515E+00
