*** transform info ***
phi = 4.83120E+01
dx  = 1.24853E+00
dy  = 5.95098E+00
