*** transform info ***
phi = 1.55098E+02
dx  = 7.16697E+00
dy  = 3.35838E+00
