*** transform info ***
phi = 1.74646E+02
dx  = 1.93494E+00
dy  = -3.80080E+00
