*** transform info ***
phi = 5.94345E+01
dx  = 5.13054E+00
dy  = -4.97240E+00
