*** transform info ***
phi = 5.07801E+01
dx  = 7.50045E-01
dy  = -1.56657E+00
