*** transform info ***
phi = 1.66617E+02
dx  = 6.52253E-01
dy  = -2.40317E+00
