*** transform info ***
phi = 2.72124E+01
dx  = 3.61037E+00
dy  = -1.19349E+00
