*** transform info ***
phi = 1.65732E+02
dx  = 1.48314E+00
dy  = 3.95230E-01
