*** transform info ***
phi = 4.55789E+01
dx  = -3.92145E+00
dy  = 4.31963E+00
