*** transform info ***
phi = 1.68246E+02
dx  = -2.87651E+00
dy  = 1.87909E+00
