*** transform info ***
phi = 2.63295E+01
dx  = -2.24080E+00
dy  = 3.50256E+00
