*** transform info ***
phi = 1.35905E+02
dx  = 1.66185E+00
dy  = 1.52804E-01
