*** transform info ***
phi = 1.59922E+02
dx  = 3.59999E+00
dy  = -2.85856E+00
