*** transform info ***
phi = 1.48850E+02
dx  = 3.84512E+00
dy  = -1.02757E+00
