*** transform info ***
phi = 1.24720E+02
dx  = 6.20281E-01
dy  = 3.10010E+00
