*** transform info ***
phi = 1.69123E+02
dx  = 2.54644E-01
dy  = -2.23827E+00
