*** transform info ***
phi = 1.58815E+02
dx  = -4.58556E+00
dy  = -8.28958E-01
