*** transform info ***
phi = 2.56182E+01
dx  = 2.17512E+00
dy  = -2.11326E+00
