*** transform info ***
phi = 1.53047E+02
dx  = 7.36275E+00
dy  = 1.01731E+00
