*** transform info ***
phi = 1.35565E+02
dx  = 3.52247E+00
dy  = 2.01155E+00
