*** transform info ***
phi = 6.72533E+01
dx  = -2.36528E+00
dy  = 5.41337E+00
