*** transform info ***
phi = 1.40286E+02
dx  = -1.97107E+00
dy  = 2.26400E+00
