*** transform info ***
phi = 1.32772E+02
dx  = 3.25551E+00
dy  = -9.89806E-01
