*** transform info ***
phi = 1.52193E+02
dx  = 2.48371E+00
dy  = -3.09994E+00
