*** transform info ***
phi = 1.01836E+01
dx  = -2.33777E+00
dy  = -5.70415E-01
