*** transform info ***
phi = 4.22482E+01
dx  = 1.85419E+00
dy  = 3.28771E+00
