*** transform info ***
phi = 9.17784E+01
dx  = -6.93290E+00
dy  = 1.50585E+00
