*** transform info ***
phi = 3.71782E+01
dx  = 4.67255E+00
dy  = -5.95144E-01
