*** transform info ***
phi = 1.89754E+01
dx  = 4.70468E-01
dy  = 3.34620E+00
