*** transform info ***
phi = 1.29851E+02
dx  = 8.69860E-01
dy  = 3.64258E+00
