*** transform info ***
phi = 1.54257E+02
dx  = -2.81427E+00
dy  = -9.24732E-01
