*** transform info ***
phi = 8.78731E+01
dx  = -6.36288E+00
dy  = 1.57743E+00
