*** transform info ***
phi = 1.58331E+02
dx  = -7.52802E+00
dy  = -2.69910E+00
