*** transform info ***
phi = 9.68143E+01
dx  = 1.67744E+00
dy  = 1.55951E+00
