*** transform info ***
phi = 1.52129E+02
dx  = 9.01723E-02
dy  = 1.67287E+00
