*** transform info ***
phi = 1.71142E+02
dx  = -6.97510E-01
dy  = -2.49243E+00
