*** transform info ***
phi = 1.51725E+02
dx  = -3.22330E+00
dy  = -1.69207E+00
