*** transform info ***
phi = 6.88277E+01
dx  = 3.99620E+00
dy  = 4.31667E+00
