*** transform info ***
phi = 5.04274E+01
dx  = 6.76496E-01
dy  = -6.97075E-01
