*** transform info ***
phi = 1.67196E+02
dx  = -6.79381E+00
dy  = -3.84905E+00
