*** transform info ***
phi = 1.62242E+02
dx  = 1.59496E+00
dy  = -1.42331E+00
