*** transform info ***
phi = 5.54939E+01
dx  = 2.36104E+00
dy  = 7.41498E+00
