*** transform info ***
phi = 1.51865E+02
dx  = 3.37900E+00
dy  = -2.52732E-01
