*** transform info ***
phi = 2.52272E+01
dx  = -2.24852E+00
dy  = 8.79149E-01
