*** transform info ***
phi = 9.93742E+01
dx  = -6.09451E+00
dy  = 1.71344E+00
