*** transform info ***
phi = 7.78551E+01
dx  = -4.52216E+00
dy  = -4.68274E+00
