*** transform info ***
phi = 1.74369E+02
dx  = -3.16312E+00
dy  = -4.65019E+00
