*** transform info ***
phi = 6.74973E+01
dx  = 9.44987E-01
dy  = 4.09949E+00
