*** transform info ***
phi = 3.74256E+00
dx  = 9.02145E-01
dy  = 7.00188E-02
