*** transform info ***
phi = 7.84137E+00
dx  = -1.20938E+00
dy  = -1.12872E+00
