*** transform info ***
phi = 1.47681E+02
dx  = 9.14435E-01
dy  = -4.05533E+00
