*** transform info ***
phi = 1.27308E+02
dx  = 1.09745E+00
dy  = -7.10751E-01
