*** transform info ***
phi = 4.35439E+01
dx  = -6.43770E+00
dy  = 1.11524E+00
