*** transform info ***
phi = 6.55981E+01
dx  = -7.14385E+00
dy  = -2.96843E+00
