*** transform info ***
phi = 1.01354E+02
dx  = -2.90242E+00
dy  = -2.23212E+00
