*** transform info ***
phi = 1.08389E+01
dx  = 9.16691E-01
dy  = 8.14946E-01
