*** transform info ***
phi = 6.91788E+01
dx  = 2.85716E+00
dy  = 3.29837E-01
