*** transform info ***
phi = 1.19798E+02
dx  = 6.96173E-01
dy  = -2.19464E-01
