*** transform info ***
phi = 3.52847E+01
dx  = 5.25470E-01
dy  = -2.88738E+00
