*** transform info ***
phi = 1.71538E+02
dx  = -5.58044E+00
dy  = 3.91084E+00
