*** transform info ***
phi = 1.63706E+02
dx  = -4.14368E+00
dy  = 2.79554E+00
