*** transform info ***
phi = 4.30344E+01
dx  = -1.18146E+00
dy  = -5.18997E+00
