*** transform info ***
phi = 6.99183E+01
dx  = 2.90184E+00
dy  = -1.01729E+00
