*** transform info ***
phi = 5.75069E+01
dx  = -4.25151E+00
dy  = 2.64676E+00
