*** transform info ***
phi = 1.36369E+02
dx  = 8.01989E-01
dy  = -3.54591E+00
