*** transform info ***
phi = 4.34821E+01
dx  = -2.07542E+00
dy  = -1.01889E+00
