*** transform info ***
phi = 1.65562E+02
dx  = 3.72756E+00
dy  = -1.42866E+00
