*** transform info ***
phi = 9.63302E+01
dx  = 2.00407E+00
dy  = 1.35646E+00
