*** transform info ***
phi = 1.59986E+02
dx  = 3.99932E+00
dy  = 5.62167E+00
