*** transform info ***
phi = 8.45093E+01
dx  = -2.35240E+00
dy  = -3.89469E-02
