*** transform info ***
phi = 8.99036E+01
dx  = 6.15941E+00
dy  = 4.19837E+00
