*** transform info ***
phi = 6.26350E+01
dx  = 4.74998E+00
dy  = 2.31325E+00
