*** transform info ***
phi = 5.94649E+01
dx  = -6.98561E+00
dy  = -2.21893E+00
