*** transform info ***
phi = 1.70239E+02
dx  = 7.17571E+00
dy  = -8.50677E-01
