*** transform info ***
phi = 1.50373E+01
dx  = -5.60376E-01
dy  = -1.97607E+00
