*** transform info ***
phi = 1.25518E+02
dx  = -7.12163E+00
dy  = -7.66669E-02
