*** transform info ***
phi = 1.57852E+02
dx  = 5.96385E+00
dy  = 2.10743E+00
