*** transform info ***
phi = 1.68532E+02
dx  = 7.84385E+00
dy  = -3.39118E+00
