*** transform info ***
phi = 4.22522E+01
dx  = 4.46231E+00
dy  = 1.00100E+00
