*** transform info ***
phi = 9.92556E+00
dx  = -4.23240E+00
dy  = -1.55078E+00
