*** transform info ***
phi = 1.59986E+02
dx  = 7.58663E+00
dy  = -3.67479E+00
