*** transform info ***
phi = 1.42611E+02
dx  = 5.62346E-01
dy  = -5.79877E+00
