*** transform info ***
phi = 9.21173E+01
dx  = -5.54137E+00
dy  = 7.12991E-02
