*** transform info ***
phi = 1.75998E+00
dx  = 5.04583E+00
dy  = 3.57001E+00
