*** transform info ***
phi = 1.62377E+02
dx  = -6.12161E+00
dy  = 5.97049E+00
