*** transform info ***
phi = 7.41237E+01
dx  = 2.60111E+00
dy  = -2.13812E+00
