*** transform info ***
phi = 7.48694E+01
dx  = 6.06805E+00
dy  = 2.22278E+00
