*** transform info ***
phi = 3.50813E+01
dx  = 4.35679E-01
dy  = 5.07880E+00
