*** transform info ***
phi = 1.03325E+02
dx  = -7.64714E+00
dy  = -2.45007E+00
