*** transform info ***
phi = 1.64996E+02
dx  = 6.47385E+00
dy  = 3.36911E+00
