*** transform info ***
phi = 1.31705E+02
dx  = -3.98362E-01
dy  = 2.06262E+00
