*** transform info ***
phi = 3.70324E+01
dx  = 1.85635E+00
dy  = -2.46197E+00
