*** transform info ***
phi = 9.40659E+01
dx  = 4.29388E-01
dy  = -1.98546E+00
