*** transform info ***
phi = 1.52264E+02
dx  = -6.92160E+00
dy  = 7.00746E-01
