*** transform info ***
phi = 1.23638E+02
dx  = -4.37527E+00
dy  = -1.70856E+00
