*** transform info ***
phi = 4.17464E+01
dx  = -1.20687E-01
dy  = 5.14672E+00
