*** transform info ***
phi = 1.48739E+02
dx  = 5.31826E+00
dy  = 5.51223E+00
