*** transform info ***
phi = 5.77832E+01
dx  = -4.65026E+00
dy  = 7.17192E+00
