*** transform info ***
phi = 1.62511E+02
dx  = 5.86031E+00
dy  = -7.81327E-01
