*** transform info ***
phi = 1.68420E+02
dx  = -1.97052E+00
dy  = 3.64078E+00
