*** transform info ***
phi = 8.51307E+01
dx  = 1.81440E-01
dy  = -1.78751E+00
