*** transform info ***
phi = 1.01369E+02
dx  = -4.09974E+00
dy  = 1.32089E+00
