*** transform info ***
phi = 7.15062E+00
dx  = -1.60423E+00
dy  = 2.61422E-01
