*** transform info ***
phi = 4.69212E+00
dx  = 3.43611E-02
dy  = -9.80907E-01
