*** transform info ***
phi = 6.95838E+01
dx  = -6.39269E+00
dy  = -5.27037E+00
