*** transform info ***
phi = 1.55194E+02
dx  = 1.60688E-01
dy  = 1.53481E+00
