*** transform info ***
phi = 9.53013E+01
dx  = 5.02691E+00
dy  = -3.80094E+00
