*** transform info ***
phi = 4.09729E+01
dx  = -4.91337E+00
dy  = 7.95781E-02
