*** transform info ***
phi = 1.31943E+02
dx  = -2.88484E+00
dy  = 9.29767E-01
