*** transform info ***
phi = 1.00485E+02
dx  = -1.18449E+00
dy  = -2.10379E+00
