*** transform info ***
phi = 1.01717E+02
dx  = 3.22750E+00
dy  = 3.06803E-01
