*** transform info ***
phi = 1.53577E+02
dx  = -5.99677E+00
dy  = 3.86447E+00
