*** transform info ***
phi = 7.98837E+01
dx  = -1.02027E+00
dy  = 1.19878E+00
