*** transform info ***
phi = 1.63562E+02
dx  = -6.28546E+00
dy  = 4.27031E+00
