*** transform info ***
phi = 3.22848E+01
dx  = -4.03656E-01
dy  = 6.46440E-01
