*** transform info ***
phi = 8.51461E+01
dx  = 2.29434E+00
dy  = -4.38318E+00
