*** transform info ***
phi = 1.71029E+02
dx  = 7.77098E+00
dy  = 1.30046E+00
