*** transform info ***
phi = 9.49227E+00
dx  = 2.50490E+00
dy  = -3.32033E+00
