*** transform info ***
phi = 1.42804E+02
dx  = 5.47149E+00
dy  = -1.07674E-01
