*** transform info ***
phi = 4.00941E+01
dx  = -1.18018E+00
dy  = 5.23374E-01
