*** transform info ***
phi = 7.18410E+01
dx  = 7.00856E+00
dy  = -5.57554E+00
