*** transform info ***
phi = 7.66545E+01
dx  = 5.15726E+00
dy  = 2.94167E+00
