*** transform info ***
phi = 9.19075E+01
dx  = 1.18564E+00
dy  = 3.65802E+00
