*** transform info ***
phi = 7.85751E+01
dx  = -7.68044E+00
dy  = 2.97717E-01
