*** transform info ***
phi = 4.69239E+01
dx  = 9.55446E-01
dy  = -5.76310E+00
