*** transform info ***
phi = 1.52018E+02
dx  = 2.64311E+00
dy  = -7.21621E-01
