*** transform info ***
phi = 2.00324E+01
dx  = -5.88787E+00
dy  = -1.55722E+00
