*** transform info ***
phi = 1.11291E+02
dx  = -5.02872E-01
dy  = -4.15781E+00
