*** transform info ***
phi = 1.07506E+02
dx  = -3.59804E+00
dy  = 5.98941E-01
