*** transform info ***
phi = 4.81136E+01
dx  = -6.73449E-01
dy  = 9.57135E-02
