*** transform info ***
phi = 1.49664E+02
dx  = 9.77625E-01
dy  = 5.20606E+00
