*** transform info ***
phi = 9.88243E+01
dx  = -6.78564E+00
dy  = -2.54989E+00
