*** transform info ***
phi = 6.72206E+01
dx  = -3.15429E+00
dy  = 5.79281E+00
