*** transform info ***
phi = 1.62515E+02
dx  = 7.62616E+00
dy  = -4.88413E+00
