*** transform info ***
phi = 3.99663E+01
dx  = 8.49603E-01
dy  = 5.39545E+00
