*** transform info ***
phi = 3.17911E+01
dx  = 1.49878E+00
dy  = 3.45533E-01
