*** transform info ***
phi = 3.63470E+01
dx  = -7.32593E+00
dy  = -6.85707E-02
