*** transform info ***
phi = 7.92446E+01
dx  = -6.90330E+00
dy  = 5.39870E-01
