*** transform info ***
phi = 2.03108E+00
dx  = 5.58441E+00
dy  = -4.89769E-01
