*** transform info ***
phi = 1.19712E+02
dx  = 2.97508E+00
dy  = 2.55234E+00
