*** transform info ***
phi = 1.66772E+02
dx  = -3.06068E+00
dy  = 1.11743E+00
