*** transform info ***
phi = 1.36859E+02
dx  = 3.74343E+00
dy  = -5.70658E-01
