*** transform info ***
phi = 1.18336E+02
dx  = -5.62193E+00
dy  = 1.83184E+00
