*** transform info ***
phi = 5.13674E+01
dx  = 3.49512E+00
dy  = 2.35008E+00
