*** transform info ***
phi = 6.29081E+01
dx  = -5.52185E+00
dy  = -5.40156E+00
