*** transform info ***
phi = 1.68990E+02
dx  = 9.81728E-01
dy  = 1.64105E+00
