*** transform info ***
phi = 1.55035E+02
dx  = 4.61108E-01
dy  = 3.20792E+00
