*** transform info ***
phi = 8.46491E+01
dx  = 7.11496E+00
dy  = 3.69102E+00
