*** transform info ***
phi = 1.32574E+02
dx  = 2.35053E+00
dy  = 7.99788E-01
