*** transform info ***
phi = 1.71419E+02
dx  = -8.77407E-01
dy  = 1.49282E+00
