*** transform info ***
phi = 2.52504E+01
dx  = 6.23641E+00
dy  = 1.80147E+00
