*** transform info ***
phi = 4.03486E+01
dx  = -1.42985E+00
dy  = 5.70918E+00
