*** transform info ***
phi = 1.06560E+02
dx  = -6.67921E+00
dy  = 1.89679E-01
