*** transform info ***
phi = 8.31893E+01
dx  = -1.23281E+00
dy  = 1.62006E+00
