*** transform info ***
phi = 1.15599E+01
dx  = 6.59047E+00
dy  = 2.70483E+00
