*** transform info ***
phi = 6.40119E+01
dx  = 7.59018E+00
dy  = 9.21255E-01
