*** transform info ***
phi = 1.61100E+02
dx  = -6.59694E-01
dy  = 4.11129E+00
