*** transform info ***
phi = 1.16631E+01
dx  = -5.99117E+00
dy  = -1.40860E+00
