*** transform info ***
phi = 5.46461E+01
dx  = 1.50047E+00
dy  = -6.67786E+00
