*** transform info ***
phi = 5.28519E+01
dx  = 3.21799E+00
dy  = -8.33779E-01
