*** transform info ***
phi = 1.39241E+01
dx  = 8.11962E-01
dy  = -1.14129E+00
