*** transform info ***
phi = 9.25622E+01
dx  = 7.08831E+00
dy  = -2.06873E+00
