*** transform info ***
phi = 5.75054E+01
dx  = 3.99238E+00
dy  = -4.45423E+00
