*** transform info ***
phi = 4.15668E+01
dx  = -2.61907E+00
dy  = 3.39626E+00
