*** transform info ***
phi = 1.16269E+02
dx  = 4.28721E-01
dy  = 2.83537E+00
