*** transform info ***
phi = 6.99487E+01
dx  = -7.74205E+00
dy  = -6.44447E+00
