*** transform info ***
phi = 1.25958E+02
dx  = 1.83962E+00
dy  = 1.78601E+00
