*** transform info ***
phi = 7.89105E+01
dx  = 3.61139E+00
dy  = -2.66781E+00
