*** transform info ***
phi = 8.69190E+01
dx  = 4.50737E+00
dy  = -8.57838E-01
