*** transform info ***
phi = 9.51903E+01
dx  = 5.09115E+00
dy  = -2.84127E+00
