*** transform info ***
phi = 3.47833E+01
dx  = -2.17364E+00
dy  = 3.89932E+00
