*** transform info ***
phi = 1.40955E+02
dx  = -2.62107E+00
dy  = -2.56937E+00
