*** transform info ***
phi = 1.36193E+02
dx  = -3.62034E+00
dy  = 4.47883E+00
