*** transform info ***
phi = 4.00500E+01
dx  = -2.02387E+00
dy  = 7.57957E-01
