*** transform info ***
phi = 1.48448E+02
dx  = 3.86632E+00
dy  = 6.64927E+00
