*** transform info ***
phi = 1.50141E+02
dx  = 5.12531E+00
dy  = -1.11596E+00
