*** transform info ***
phi = 1.52075E+02
dx  = 4.34459E+00
dy  = -5.14568E+00
