*** transform info ***
phi = 1.67810E+02
dx  = 5.99225E+00
dy  = 2.79935E+00
