*** transform info ***
phi = 5.97435E+00
dx  = -2.85685E+00
dy  = 1.49172E+00
