*** transform info ***
phi = 1.30968E+01
dx  = -5.66441E+00
dy  = -4.71345E-01
