*** transform info ***
phi = 2.35790E+01
dx  = 6.27722E+00
dy  = -1.51381E+00
