*** transform info ***
phi = 7.64368E+01
dx  = -1.78561E+00
dy  = -4.29502E+00
