*** transform info ***
phi = 5.09164E+01
dx  = -6.63234E+00
dy  = 5.46170E-01
