*** transform info ***
phi = 7.80215E+01
dx  = 5.07380E+00
dy  = -7.38680E-01
