*** transform info ***
phi = 1.36297E+02
dx  = -7.57162E+00
dy  = -7.48883E-01
