*** transform info ***
phi = 7.54768E+01
dx  = -5.41507E+00
dy  = -7.44853E-01
