*** transform info ***
phi = 1.42971E+02
dx  = -6.02378E+00
dy  = -2.66133E+00
