*** transform info ***
phi = 1.49474E+02
dx  = 5.75856E+00
dy  = 1.36422E+00
