*** transform info ***
phi = 3.77702E+01
dx  = 2.72159E+00
dy  = 1.46720E+00
