*** transform info ***
phi = 1.52837E+02
dx  = 7.96868E+00
dy  = -3.33535E+00
