*** transform info ***
phi = 1.12344E+02
dx  = -4.68851E+00
dy  = -2.33698E+00
