*** transform info ***
phi = 7.96121E+01
dx  = 6.80244E+00
dy  = 2.80970E+00
