*** transform info ***
phi = 7.88226E+01
dx  = 4.91748E+00
dy  = -3.75757E+00
