*** transform info ***
phi = 1.80327E+01
dx  = -5.34347E+00
dy  = 1.22289E+00
