*** transform info ***
phi = 1.03839E+02
dx  = 3.46779E+00
dy  = 2.90921E+00
