*** transform info ***
phi = 1.56983E+02
dx  = -7.13631E+00
dy  = 6.17743E+00
