*** transform info ***
phi = 5.24212E+01
dx  = 7.85955E-01
dy  = -3.82173E+00
