*** transform info ***
phi = 1.66390E+02
dx  = 2.37775E+00
dy  = -4.24667E+00
