*** transform info ***
phi = 1.04488E+01
dx  = -1.16402E+00
dy  = -3.12439E-01
