*** transform info ***
phi = 7.11043E+01
dx  = -4.41241E+00
dy  = -2.66898E+00
