*** transform info ***
phi = 1.27770E+02
dx  = -3.83098E+00
dy  = 2.31189E+00
