*** transform info ***
phi = 6.62571E+01
dx  = 5.37627E+00
dy  = -1.17292E+00
