*** transform info ***
phi = 4.96896E+00
dx  = 4.61986E+00
dy  = 1.00671E-01
