*** transform info ***
phi = 1.00122E+02
dx  = 6.26702E+00
dy  = 1.69806E+00
