*** transform info ***
phi = 4.96442E+01
dx  = 1.74285E+00
dy  = -4.61836E+00
