*** transform info ***
phi = 5.35861E+01
dx  = -5.92981E+00
dy  = -2.80288E+00
