*** transform info ***
phi = 1.41571E+02
dx  = 1.89263E+00
dy  = -1.83031E+00
