*** transform info ***
phi = 9.58854E+01
dx  = -2.72630E+00
dy  = -2.30425E+00
