*** transform info ***
phi = 1.64715E+02
dx  = 5.80261E+00
dy  = 4.58638E+00
