*** transform info ***
phi = 1.41829E+02
dx  = 6.21285E+00
dy  = 3.08106E+00
