*** transform info ***
phi = 1.36059E+02
dx  = -2.49337E+00
dy  = 3.88870E+00
