*** transform info ***
phi = 1.75166E+02
dx  = 5.98150E+00
dy  = -6.05269E-01
