*** transform info ***
phi = 1.27006E+02
dx  = -2.94285E+00
dy  = 1.92100E-01
