*** transform info ***
phi = 1.64357E+01
dx  = -7.97406E+00
dy  = -1.18280E+00
