*** transform info ***
phi = 1.67795E+02
dx  = 2.14560E+00
dy  = 4.59889E+00
