*** transform info ***
phi = 1.38049E+02
dx  = 4.32159E+00
dy  = -3.39257E+00
