*** transform info ***
phi = 1.63366E+02
dx  = 6.78410E+00
dy  = -4.32670E+00
