*** transform info ***
phi = 9.76292E+01
dx  = 5.22381E-01
dy  = 9.61495E-01
