*** transform info ***
phi = 4.65170E+01
dx  = 2.74505E+00
dy  = 5.05370E+00
