*** transform info ***
phi = 1.54874E+02
dx  = -4.59435E+00
dy  = -1.84380E+00
