*** transform info ***
phi = 1.65787E+01
dx  = 6.35928E+00
dy  = -4.16092E-01
