*** transform info ***
phi = 1.07055E+02
dx  = 1.81280E+00
dy  = 1.88173E+00
