*** transform info ***
phi = 9.15244E+01
dx  = -2.53817E+00
dy  = 1.21803E+00
