*** transform info ***
phi = 1.51995E+02
dx  = 2.94191E+00
dy  = -5.88023E+00
