*** transform info ***
phi = 1.54892E+02
dx  = 4.40285E+00
dy  = -7.96165E-01
