*** transform info ***
phi = 8.22216E+01
dx  = -6.09725E+00
dy  = -4.93051E+00
