*** transform info ***
phi = 6.28737E+01
dx  = -2.75695E+00
dy  = -6.76231E-01
