*** transform info ***
phi = 3.72058E+01
dx  = -6.84174E+00
dy  = 6.19203E-01
