*** transform info ***
phi = 1.36513E+02
dx  = -3.26920E+00
dy  = 3.90142E+00
