*** transform info ***
phi = 8.35734E+01
dx  = 3.64632E+00
dy  = -1.47490E+00
