*** transform info ***
phi = 1.51306E+02
dx  = -6.22467E+00
dy  = 3.44170E+00
