*** transform info ***
phi = 5.90023E+01
dx  = -6.09947E+00
dy  = -1.43568E+00
