*** transform info ***
phi = 4.06858E+01
dx  = -4.14266E+00
dy  = -2.70480E+00
