*** transform info ***
phi = 1.72346E+02
dx  = 4.59819E+00
dy  = -2.22756E+00
