*** transform info ***
phi = 4.45920E+01
dx  = 4.00821E-01
dy  = 1.35918E+00
