*** transform info ***
phi = 8.59817E+01
dx  = -1.95129E+00
dy  = 5.46535E-01
