*** transform info ***
phi = 1.59557E+02
dx  = -2.12741E+00
dy  = 2.40047E+00
