*** transform info ***
phi = 7.06977E+01
dx  = 5.42888E+00
dy  = 6.23563E+00
