*** transform info ***
phi = 1.61084E+02
dx  = -6.74860E-01
dy  = -1.89547E+00
