*** transform info ***
phi = 6.44158E+01
dx  = 7.73220E-01
dy  = -3.24516E-01
