*** transform info ***
phi = 4.04723E+01
dx  = -4.34139E+00
dy  = 1.65465E+00
