*** transform info ***
phi = 7.22420E+01
dx  = 5.17785E+00
dy  = 1.19039E+00
