*** transform info ***
phi = 1.60788E+02
dx  = 7.40828E+00
dy  = 2.00555E+00
