*** transform info ***
phi = 6.06209E+01
dx  = 6.16249E+00
dy  = -5.67817E+00
