*** transform info ***
phi = 1.73590E+02
dx  = -3.91617E+00
dy  = -1.96222E-01
