*** transform info ***
phi = 1.69435E+02
dx  = -7.01037E+00
dy  = 3.57002E+00
