*** transform info ***
phi = 1.57720E+02
dx  = -1.98640E+00
dy  = -8.89043E-01
