*** transform info ***
phi = 3.51969E+01
dx  = 2.81533E+00
dy  = -2.37904E+00
