*** transform info ***
phi = 5.05972E+01
dx  = 1.41094E+00
dy  = 5.36823E+00
