*** transform info ***
phi = 2.98106E+01
dx  = -2.65017E+00
dy  = 8.32953E-01
