*** transform info ***
phi = 1.66006E+02
dx  = 3.79681E+00
dy  = -1.27107E+00
