*** transform info ***
phi = 4.21283E+01
dx  = -2.46801E+00
dy  = -1.24050E+00
