*** transform info ***
phi = 6.66569E+01
dx  = 5.23778E+00
dy  = 5.39328E-01
