*** transform info ***
phi = 1.22561E+00
dx  = 2.02467E+00
dy  = -4.78670E+00
