*** transform info ***
phi = 7.59007E+01
dx  = -6.75653E+00
dy  = -4.80100E+00
