*** transform info ***
phi = 3.45851E+01
dx  = 8.10774E-01
dy  = -2.09572E+00
