*** transform info ***
phi = 1.79248E+02
dx  = -5.02485E+00
dy  = 2.71637E+00
