*** transform info ***
phi = 7.48509E+01
dx  = -3.23641E+00
dy  = 3.12784E+00
