*** transform info ***
phi = 1.65328E+02
dx  = 7.27207E+00
dy  = 2.78643E+00
