*** transform info ***
phi = 1.62641E+02
dx  = -5.97685E+00
dy  = -2.22829E+00
