*** transform info ***
phi = 1.43354E+02
dx  = -5.55134E+00
dy  = -2.14766E+00
