*** transform info ***
phi = 8.98326E+01
dx  = -5.08979E+00
dy  = 4.12749E+00
