*** transform info ***
phi = 2.91654E+01
dx  = -3.99000E+00
dy  = 2.03242E-01
