*** transform info ***
phi = 9.03607E+01
dx  = -2.18701E+00
dy  = 1.73785E+00
