*** transform info ***
phi = 9.74767E+01
dx  = 2.48347E+00
dy  = -3.84518E+00
