*** transform info ***
phi = 8.26905E+01
dx  = 6.53575E+00
dy  = 4.59217E+00
