*** transform info ***
phi = 1.60370E+02
dx  = 2.93136E+00
dy  = 4.14140E-01
