*** transform info ***
phi = 5.49961E+01
dx  = 1.93754E+00
dy  = 2.48679E+00
