*** transform info ***
phi = 1.52600E+02
dx  = 6.37371E+00
dy  = -4.33516E-02
