*** transform info ***
phi = 7.60907E+01
dx  = 2.57175E+00
dy  = 2.67687E+00
