*** transform info ***
phi = 1.65849E+02
dx  = -7.72541E+00
dy  = -4.56961E-01
