*** transform info ***
phi = 5.34247E+00
dx  = 4.84879E+00
dy  = -3.92669E+00
