*** transform info ***
phi = 1.15570E+02
dx  = 3.64637E-01
dy  = 4.87911E-01
