*** transform info ***
phi = 9.93503E+01
dx  = 2.27560E+00
dy  = 4.54282E-01
