*** transform info ***
phi = 1.71662E+02
dx  = 4.16588E+00
dy  = -2.91550E+00
