*** transform info ***
phi = 8.17478E+01
dx  = 9.67316E-02
dy  = 3.81677E-02
