*** transform info ***
phi = 1.34060E+02
dx  = 5.88019E+00
dy  = -6.75075E-01
