*** transform info ***
phi = 1.06697E+02
dx  = -4.20818E-01
dy  = -5.18042E-01
