*** transform info ***
phi = 1.42783E+02
dx  = -7.32175E+00
dy  = -9.74974E-01
