*** transform info ***
phi = 5.83794E+01
dx  = 2.98358E+00
dy  = -6.87188E+00
