*** transform info ***
phi = 4.57284E+01
dx  = -1.53338E+00
dy  = 1.48612E-01
