*** transform info ***
phi = 6.44648E+01
dx  = 6.86033E+00
dy  = -4.19645E+00
