*** transform info ***
phi = 1.56531E+02
dx  = -3.15551E+00
dy  = -3.53311E+00
