*** transform info ***
phi = 1.02276E+02
dx  = -3.73753E+00
dy  = 3.44813E+00
