*** transform info ***
phi = 1.39698E+02
dx  = 2.90044E+00
dy  = -2.48858E-01
