*** transform info ***
phi = 1.45274E+02
dx  = -1.97023E+00
dy  = -3.75732E+00
