*** transform info ***
phi = 1.56792E+00
dx  = -1.76718E+00
dy  = -4.68559E+00
