*** transform info ***
phi = 1.54285E+01
dx  = -3.22841E+00
dy  = 2.54302E+00
