*** transform info ***
phi = 5.43840E+01
dx  = 3.47908E+00
dy  = 1.78294E+00
