*** transform info ***
phi = 5.11476E+01
dx  = 6.85373E+00
dy  = 2.15688E+00
