*** transform info ***
phi = 1.50664E+02
dx  = 5.13530E+00
dy  = -2.08377E+00
