*** transform info ***
phi = 2.96988E+01
dx  = -2.33743E+00
dy  = 6.50412E-01
