*** transform info ***
phi = 5.62906E+01
dx  = -5.18043E+00
dy  = 1.95176E+00
