*** transform info ***
phi = 5.40507E+01
dx  = -5.42288E+00
dy  = 1.76269E+00
