*** transform info ***
phi = 5.29826E+01
dx  = 7.58193E+00
dy  = 1.31489E+00
