*** transform info ***
phi = 1.52593E+02
dx  = 3.03538E+00
dy  = -5.91357E+00
