*** transform info ***
phi = 4.94097E+01
dx  = -3.42341E+00
dy  = -3.34902E+00
