*** transform info ***
phi = 1.72598E+02
dx  = 6.58261E+00
dy  = 2.47035E+00
