*** transform info ***
phi = 1.53719E+02
dx  = -1.15493E+00
dy  = 7.85197E-01
