*** transform info ***
phi = 3.69854E+01
dx  = -4.64529E+00
dy  = -4.07067E-01
