*** transform info ***
phi = 9.15855E+00
dx  = -9.78045E-01
dy  = -1.40739E+00
