*** transform info ***
phi = 2.29880E+01
dx  = 2.70521E+00
dy  = -2.63283E+00
