*** transform info ***
phi = 4.16067E+00
dx  = 4.87397E+00
dy  = 4.27509E+00
