*** transform info ***
phi = 9.61027E+01
dx  = 2.28074E+00
dy  = -4.05291E+00
