*** transform info ***
phi = 9.61461E+01
dx  = 4.65504E+00
dy  = 7.60583E-01
