*** transform info ***
phi = 7.08949E+01
dx  = 7.22594E+00
dy  = 5.27958E+00
