*** transform info ***
phi = 1.15305E+02
dx  = -1.86874E+00
dy  = -2.35935E+00
