*** transform info ***
phi = 9.65847E+01
dx  = 7.74326E+00
dy  = 3.23121E+00
