*** transform info ***
phi = 1.52326E+02
dx  = -5.45528E+00
dy  = 4.28689E-01
