*** transform info ***
phi = 1.68268E+02
dx  = 1.47876E+00
dy  = -2.58863E+00
