*** transform info ***
phi = 1.58279E+02
dx  = 7.68170E+00
dy  = 4.30397E+00
