*** transform info ***
phi = 5.52207E+01
dx  = -6.07238E+00
dy  = 6.44437E-01
