*** transform info ***
phi = 8.67932E+01
dx  = 2.25821E+00
dy  = 2.29465E+00
