*** transform info ***
phi = 3.18239E+01
dx  = -1.66786E+00
dy  = -4.09980E+00
