*** transform info ***
phi = 1.58360E+02
dx  = -3.66921E+00
dy  = 4.62097E+00
