*** transform info ***
phi = 3.93538E+01
dx  = -8.14729E-01
dy  = 3.32091E+00
