*** transform info ***
phi = 1.61271E+02
dx  = 1.03094E+00
dy  = -1.40466E+00
