*** transform info ***
phi = 6.34740E+01
dx  = -4.53086E+00
dy  = 5.38282E+00
