*** transform info ***
phi = 1.75227E+02
dx  = 1.43409E+00
dy  = -4.01946E+00
