*** transform info ***
phi = 7.78584E+01
dx  = -7.12235E+00
dy  = 1.76390E+00
