*** transform info ***
phi = 1.02792E+02
dx  = 1.03811E+00
dy  = 3.18157E+00
