*** transform info ***
phi = 1.49718E+02
dx  = 5.38617E+00
dy  = -2.40301E+00
