*** transform info ***
phi = 8.98178E+01
dx  = 3.69000E+00
dy  = -3.15599E-01
