*** transform info ***
phi = 7.30987E+01
dx  = 6.80663E+00
dy  = 4.92202E-01
