*** transform info ***
phi = 5.68956E-01
dx  = -7.73259E+00
dy  = -3.57914E+00
