*** transform info ***
phi = 7.44393E+01
dx  = 1.86525E+00
dy  = -4.81329E+00
