*** transform info ***
phi = 4.27843E+01
dx  = 1.85191E+00
dy  = -1.26949E+00
