*** transform info ***
phi = 1.56353E+02
dx  = -2.61031E+00
dy  = 4.94158E+00
