*** transform info ***
phi = 1.47496E+02
dx  = 5.98502E+00
dy  = 1.44184E+00
