*** transform info ***
phi = 7.33344E+01
dx  = 7.68910E+00
dy  = 5.99166E+00
