*** transform info ***
phi = 1.45968E+02
dx  = -3.35230E+00
dy  = -3.84370E+00
