*** transform info ***
phi = 6.65733E+01
dx  = 7.88560E+00
dy  = -4.73923E-01
