*** transform info ***
phi = 9.43601E+01
dx  = 6.87334E-01
dy  = 2.86989E+00
