*** transform info ***
phi = 1.43462E+02
dx  = -2.76679E+00
dy  = -6.44049E+00
