*** transform info ***
phi = 1.00849E+02
dx  = -6.66894E+00
dy  = 2.97377E+00
