*** transform info ***
phi = 1.06149E+02
dx  = 1.37836E-01
dy  = -1.28040E+00
