*** transform info ***
phi = 1.65435E+02
dx  = -6.92277E+00
dy  = -2.46752E+00
