*** transform info ***
phi = 1.74553E+02
dx  = 3.42711E+00
dy  = -2.65054E+00
