*** transform info ***
phi = 6.20585E+01
dx  = -1.11143E+00
dy  = 1.34194E+00
