*** transform info ***
phi = 4.60714E+01
dx  = 1.94914E+00
dy  = 1.05118E-01
