*** transform info ***
phi = 1.64068E+02
dx  = -7.40405E+00
dy  = 2.64459E+00
