*** transform info ***
phi = 8.64722E+01
dx  = -1.17144E+00
dy  = -4.50865E+00
