*** transform info ***
phi = 7.49142E+01
dx  = 7.15634E+00
dy  = -4.44058E+00
