*** transform info ***
phi = 1.56671E+02
dx  = 5.40751E+00
dy  = 1.53399E+00
