*** transform info ***
phi = 6.32171E+01
dx  = 1.28077E+00
dy  = -9.78062E-01
