*** transform info ***
phi = 1.56809E+02
dx  = 3.46821E+00
dy  = -1.25368E+00
