*** transform info ***
phi = 1.75934E+02
dx  = 5.97970E+00
dy  = -4.36941E+00
