*** transform info ***
phi = 1.32880E+01
dx  = -1.48187E+00
dy  = -8.90357E-01
