*** transform info ***
phi = 3.64740E+01
dx  = -5.50454E+00
dy  = 1.17631E+00
