*** transform info ***
phi = 3.96768E+01
dx  = 6.57836E-01
dy  = -5.35958E+00
