*** transform info ***
phi = 1.38216E+01
dx  = 3.04259E+00
dy  = 2.41596E+00
