*** transform info ***
phi = 4.67451E+01
dx  = 5.71294E+00
dy  = -2.25308E+00
