*** transform info ***
phi = 1.38973E+02
dx  = -2.71699E-01
dy  = -4.42536E+00
