*** transform info ***
phi = 6.17557E+01
dx  = -6.81782E-01
dy  = -3.08294E+00
