*** transform info ***
phi = 9.90852E+01
dx  = -4.66799E+00
dy  = 3.48561E+00
