*** transform info ***
phi = 1.44185E+02
dx  = -2.03917E+00
dy  = -1.86927E+00
