*** transform info ***
phi = 3.96785E+01
dx  = 4.60104E+00
dy  = 2.47751E+00
