*** transform info ***
phi = 9.72798E+01
dx  = -7.67231E+00
dy  = -1.99734E+00
