*** transform info ***
phi = 1.23515E+00
dx  = -3.62154E+00
dy  = -4.56136E+00
