*** transform info ***
phi = 1.64148E+02
dx  = 2.84360E+00
dy  = 3.86823E+00
