*** transform info ***
phi = 7.38792E+01
dx  = 1.47545E+00
dy  = -3.52671E+00
