*** transform info ***
phi = 8.87391E+00
dx  = 2.72543E+00
dy  = -3.22340E-01
