*** transform info ***
phi = 9.99258E+00
dx  = 4.49032E+00
dy  = -3.25724E-01
