*** transform info ***
phi = 1.10285E+02
dx  = 5.19114E+00
dy  = -6.77043E-02
