*** transform info ***
phi = 6.73817E+01
dx  = -5.79470E+00
dy  = -3.69516E+00
