*** transform info ***
phi = 1.50224E+02
dx  = -3.38968E+00
dy  = -6.14909E+00
