*** transform info ***
phi = 7.36593E+01
dx  = -4.66630E+00
dy  = 2.92911E+00
