*** transform info ***
phi = 4.35964E+01
dx  = 8.79492E-01
dy  = 6.78105E+00
