*** transform info ***
phi = 1.12304E+02
dx  = 6.11925E-01
dy  = -2.32585E+00
