*** transform info ***
phi = 3.68246E+01
dx  = -9.83707E-01
dy  = 4.07737E+00
