*** transform info ***
phi = 8.96414E+01
dx  = -6.35137E+00
dy  = 2.15170E+00
