*** transform info ***
phi = 1.21855E+02
dx  = 7.16045E+00
dy  = 7.26701E-01
