*** transform info ***
phi = 1.65111E+02
dx  = -4.94232E-01
dy  = 1.12063E+00
