*** transform info ***
phi = 1.56378E+01
dx  = -6.65920E+00
dy  = 1.43815E+00
