*** transform info ***
phi = 7.53780E+01
dx  = -3.70384E+00
dy  = 4.91103E+00
