*** transform info ***
phi = 1.93873E+01
dx  = -4.85565E-01
dy  = -3.31500E+00
