*** transform info ***
phi = 9.96519E+01
dx  = -4.22308E+00
dy  = -3.07776E+00
