*** transform info ***
phi = 9.27305E+01
dx  = -2.59499E+00
dy  = -1.16718E+00
