*** transform info ***
phi = 7.55756E+01
dx  = -5.88186E+00
dy  = -4.87939E+00
