*** transform info ***
phi = 1.58225E+02
dx  = 3.06754E+00
dy  = 3.41920E+00
