*** transform info ***
phi = 7.89564E+01
dx  = 2.68731E+00
dy  = 4.23350E-01
