*** transform info ***
phi = 9.31725E+00
dx  = 9.97924E-01
dy  = 9.48545E-01
