*** transform info ***
phi = 1.58750E+02
dx  = -5.33951E+00
dy  = 4.66489E+00
