*** transform info ***
phi = 1.36839E+01
dx  = -1.90519E+00
dy  = -7.89660E-01
