*** transform info ***
phi = 1.54180E+02
dx  = 2.18850E+00
dy  = -3.76068E+00
