*** transform info ***
phi = 1.76458E+02
dx  = -6.91332E+00
dy  = 4.55741E+00
