*** transform info ***
phi = 5.85561E+01
dx  = 3.34543E+00
dy  = 2.15005E+00
