*** transform info ***
phi = 1.07308E+02
dx  = 7.98740E+00
dy  = 1.48645E+00
