*** transform info ***
phi = 1.56513E+02
dx  = -1.13820E+00
dy  = -4.21047E+00
