*** transform info ***
phi = 7.43369E+01
dx  = -6.15458E+00
dy  = -4.26847E+00
