*** transform info ***
phi = 1.01901E+02
dx  = -8.35350E-01
dy  = 3.37784E+00
