*** transform info ***
phi = 1.59783E+02
dx  = 7.53431E+00
dy  = 5.92440E+00
