*** transform info ***
phi = 6.61532E+01
dx  = 4.59230E+00
dy  = 5.90914E-02
