*** transform info ***
phi = 6.86787E+01
dx  = 4.81798E+00
dy  = -3.03534E+00
