*** transform info ***
phi = 1.56589E+02
dx  = -5.91899E+00
dy  = -2.93378E+00
