*** transform info ***
phi = 6.52665E+01
dx  = -5.78908E-01
dy  = -3.82169E+00
