*** transform info ***
phi = 6.08973E+00
dx  = -1.72358E+00
dy  = -5.17875E-01
