*** transform info ***
phi = 1.75386E+02
dx  = -3.47773E+00
dy  = 3.89910E+00
