*** transform info ***
phi = 6.23679E+01
dx  = -5.83163E+00
dy  = -5.69883E+00
