*** transform info ***
phi = 5.89030E+01
dx  = 5.84256E+00
dy  = 2.82762E+00
