*** transform info ***
phi = 7.87273E+01
dx  = -1.37905E+00
dy  = -1.34918E+00
