*** transform info ***
phi = 8.42375E+01
dx  = 3.14398E+00
dy  = 8.92363E-01
