*** transform info ***
phi = 1.64393E+02
dx  = -7.81482E+00
dy  = 1.60406E+00
