*** transform info ***
phi = 5.07709E+01
dx  = 6.68476E-01
dy  = 3.58611E-02
