*** transform info ***
phi = 5.63874E+01
dx  = -7.09606E+00
dy  = 1.81571E+00
