*** transform info ***
phi = 1.19661E+01
dx  = -8.83468E-01
dy  = 3.52653E+00
