*** transform info ***
phi = 1.63092E+02
dx  = -6.69588E+00
dy  = 1.78759E+00
