*** transform info ***
phi = 3.23982E+01
dx  = -2.35231E+00
dy  = 3.62702E+00
