*** transform info ***
phi = 6.47106E+01
dx  = 3.71875E+00
dy  = 1.52575E+00
