*** transform info ***
phi = 6.21337E+01
dx  = 4.12098E+00
dy  = 4.15138E+00
