*** transform info ***
phi = 8.48977E+01
dx  = 3.00858E+00
dy  = 1.92938E+00
