*** transform info ***
phi = 1.65838E+02
dx  = -9.69901E-01
dy  = -2.14281E-02
