*** transform info ***
phi = 1.32739E+02
dx  = 2.48313E+00
dy  = 4.06594E-01
