*** transform info ***
phi = 6.93480E+01
dx  = 3.79189E+00
dy  = -5.54725E+00
