*** transform info ***
phi = 1.38670E+02
dx  = 1.47283E+00
dy  = 3.37213E+00
