*** transform info ***
phi = 2.29672E+01
dx  = 3.06938E+00
dy  = 3.08690E+00
