*** transform info ***
phi = 5.45159E+01
dx  = -1.42455E+00
dy  = -1.24820E+00
