*** transform info ***
phi = 1.17479E+01
dx  = 3.80870E+00
dy  = 2.39862E-02
