*** transform info ***
phi = 1.66540E+02
dx  = 5.83247E+00
dy  = -5.74453E+00
