*** transform info ***
phi = 1.13712E+02
dx  = -7.36860E-01
dy  = 2.24629E+00
