*** transform info ***
phi = 1.22802E+02
dx  = 6.73809E+00
dy  = 4.29267E-01
