*** transform info ***
phi = 4.31552E+00
dx  = 4.21596E+00
dy  = 1.24998E+00
