*** transform info ***
phi = 1.52228E+02
dx  = -6.70651E+00
dy  = 2.43463E+00
