*** transform info ***
phi = 1.56593E+02
dx  = -1.90732E+00
dy  = -1.89649E+00
