*** transform info ***
phi = 6.07113E+01
dx  = 1.22188E+00
dy  = -1.54821E+00
