*** transform info ***
phi = 1.13318E+02
dx  = 1.81750E+00
dy  = -1.39573E+00
