*** transform info ***
phi = 8.82499E+01
dx  = -1.50920E-01
dy  = -1.73640E+00
