*** transform info ***
phi = 1.68685E+02
dx  = 1.15282E+00
dy  = -1.95493E+00
