*** transform info ***
phi = 1.28838E+01
dx  = -7.40151E+00
dy  = 4.28588E-01
