*** transform info ***
phi = 8.12873E+01
dx  = -2.33589E+00
dy  = 2.04962E+00
