*** transform info ***
phi = 1.78652E+02
dx  = -2.00581E+00
dy  = -4.52175E+00
