*** transform info ***
phi = 7.65381E+01
dx  = 5.81398E+00
dy  = 4.22078E+00
