*** transform info ***
phi = 1.48175E+02
dx  = -6.14164E+00
dy  = -2.96171E+00
