*** transform info ***
phi = 8.59331E+01
dx  = 2.58654E-01
dy  = 1.65411E+00
