*** transform info ***
phi = 6.60437E+01
dx  = -1.84960E+00
dy  = -2.35082E+00
