*** transform info ***
phi = 1.67992E+02
dx  = -5.86504E+00
dy  = 1.60890E+00
