*** transform info ***
phi = 1.47263E+02
dx  = 6.61011E+00
dy  = -3.72016E+00
