*** transform info ***
phi = 1.40863E+02
dx  = 1.05227E+00
dy  = -1.52331E+00
