*** transform info ***
phi = 3.64605E+01
dx  = 2.39614E+00
dy  = 6.55226E-01
