*** transform info ***
phi = 8.43092E+01
dx  = 1.34885E+00
dy  = -3.71311E+00
