*** transform info ***
phi = 7.10056E+01
dx  = 2.25678E+00
dy  = -6.42495E-01
