*** transform info ***
phi = 1.01445E+02
dx  = -5.72732E+00
dy  = -1.31187E+00
