*** transform info ***
phi = 2.57139E+00
dx  = -4.70079E-01
dy  = 2.51992E-01
