*** transform info ***
phi = 4.62016E+01
dx  = 4.67862E+00
dy  = 3.79405E+00
