*** transform info ***
phi = 1.44643E+02
dx  = 2.26101E+00
dy  = 5.01774E-01
