*** transform info ***
phi = 4.58598E+01
dx  = 2.74547E-01
dy  = -4.54935E+00
