*** transform info ***
phi = 4.67986E+01
dx  = -3.23117E+00
dy  = 2.94081E+00
