*** transform info ***
phi = 4.45504E+01
dx  = 5.90113E+00
dy  = 5.59410E-01
