*** transform info ***
phi = 9.23984E+01
dx  = -8.54710E-01
dy  = -4.39762E+00
