*** transform info ***
phi = 1.31136E+02
dx  = -4.95729E+00
dy  = -1.04695E+00
