*** transform info ***
phi = 1.52436E+02
dx  = 1.91306E+00
dy  = 2.17969E+00
