*** transform info ***
phi = 1.47847E+02
dx  = 4.16938E+00
dy  = -3.73270E+00
