*** transform info ***
phi = 7.64063E+01
dx  = -4.46487E+00
dy  = 1.66798E-01
