*** transform info ***
phi = 9.30188E+01
dx  = 1.06924E+00
dy  = -8.23735E-01
