*** transform info ***
phi = 1.60301E+02
dx  = -6.59119E+00
dy  = 4.03154E+00
