*** transform info ***
phi = 1.92492E+01
dx  = -1.44632E+00
dy  = 2.56607E+00
