*** transform info ***
phi = 1.35122E+02
dx  = -3.82285E+00
dy  = -3.49522E-01
