*** transform info ***
phi = 1.52036E+02
dx  = 3.31924E+00
dy  = 5.20530E+00
