*** transform info ***
phi = 1.04268E+02
dx  = 2.32049E+00
dy  = -3.19183E+00
