*** transform info ***
phi = 5.17393E+01
dx  = -5.18891E+00
dy  = 2.79795E+00
