*** transform info ***
phi = 2.77672E+01
dx  = 9.95339E-01
dy  = 4.95553E-02
