*** transform info ***
phi = 1.07114E+02
dx  = 3.52958E+00
dy  = 2.17359E+00
