*** transform info ***
phi = 8.79236E+01
dx  = 6.82707E-01
dy  = -2.74252E+00
