*** transform info ***
phi = 1.49242E+02
dx  = 3.93060E+00
dy  = 6.54182E+00
