*** transform info ***
phi = 1.28515E+02
dx  = 5.59214E+00
dy  = 1.54576E+00
