*** transform info ***
phi = 6.10697E+00
dx  = -6.12599E+00
dy  = -1.29208E+00
