*** transform info ***
phi = 8.31949E+01
dx  = -7.86981E+00
dy  = 5.46124E-01
