*** transform info ***
phi = 4.34753E+00
dx  = 1.15519E+00
dy  = 4.38953E+00
