*** transform info ***
phi = 7.39420E+01
dx  = -1.22703E+00
dy  = 2.67591E+00
