*** transform info ***
phi = 9.57488E+01
dx  = -7.07299E+00
dy  = -3.01644E+00
