*** transform info ***
phi = 6.61098E+01
dx  = 4.80754E+00
dy  = 6.57913E+00
