*** transform info ***
phi = 2.75730E+01
dx  = 2.14759E+00
dy  = -1.25149E+00
