*** transform info ***
phi = 7.09838E+01
dx  = 1.86936E+00
dy  = -4.38457E+00
