*** transform info ***
phi = 4.46311E+01
dx  = 6.01865E-01
dy  = 5.12142E+00
