*** transform info ***
phi = 7.71645E+01
dx  = -2.05283E+00
dy  = 3.44956E+00
