*** transform info ***
phi = 1.57221E+02
dx  = -1.71372E+00
dy  = 1.28944E+00
