*** transform info ***
phi = 1.59208E+02
dx  = -7.92323E+00
dy  = -3.98117E+00
