*** transform info ***
phi = 8.73121E+01
dx  = -1.14595E+00
dy  = 2.50255E+00
