*** transform info ***
phi = 5.61325E+01
dx  = 2.12943E-01
dy  = 2.93133E+00
