*** transform info ***
phi = 1.57326E+02
dx  = -2.84396E+00
dy  = 1.77036E+00
