*** transform info ***
phi = 1.45718E+02
dx  = -1.85234E+00
dy  = 2.34367E+00
