*** transform info ***
phi = 6.33668E+01
dx  = 1.72956E+00
dy  = 5.96146E-01
