*** transform info ***
phi = 1.24803E+02
dx  = 1.87781E+00
dy  = 3.92217E+00
