*** transform info ***
phi = 1.10019E+02
dx  = -7.43856E+00
dy  = 1.13441E+00
