*** transform info ***
phi = 5.68276E+01
dx  = 5.74604E+00
dy  = -1.56580E+00
