*** transform info ***
phi = 1.63057E+02
dx  = -4.25115E+00
dy  = 4.86014E+00
