*** transform info ***
phi = 9.00871E+01
dx  = -5.99649E-01
dy  = 1.45527E+00
