*** transform info ***
phi = 1.41117E+02
dx  = -7.81761E-02
dy  = 5.07884E+00
