*** transform info ***
phi = 1.60651E+02
dx  = 1.80085E-01
dy  = 3.68949E+00
