*** transform info ***
phi = 6.75771E+01
dx  = -4.18255E+00
dy  = 3.97216E+00
