*** transform info ***
phi = 8.01717E+01
dx  = -1.35584E+00
dy  = 3.23398E+00
