*** transform info ***
phi = 1.34691E+02
dx  = 5.42538E+00
dy  = 1.35952E+00
