*** transform info ***
phi = 2.57568E+01
dx  = 6.52433E-02
dy  = 2.10794E+00
