*** transform info ***
phi = 1.16803E+02
dx  = 1.84941E+00
dy  = -3.22285E+00
