*** transform info ***
phi = 7.73840E+01
dx  = 1.06069E+00
dy  = 2.92214E+00
