*** transform info ***
phi = 1.31581E+02
dx  = -6.33413E-01
dy  = -1.20929E+00
