*** transform info ***
phi = 2.05522E+01
dx  = 3.61729E+00
dy  = -1.41627E+00
*** defect info ***
r  =  4.77393E-01
h  =  8.67833E-02
