*** transform info ***
phi = 7.80339E+01
dx  = 2.52574E-01
dy  = 1.58624E+00
*** defect info ***
r  =  7.90330E-01
h  =  9.80184E-02
