*** transform info ***
phi = 1.42082E+02
dx  = -2.28469E+00
dy  = -6.08746E+00
*** defect info ***
r  =  1.12720E+00
h  =  5.83126E-02
