*** transform info ***
phi = 7.85432E+01
dx  = 3.15550E+00
dy  = -3.94937E+00
*** defect info ***
r  =  1.03126E-01
h  =  1.04299E-01
