*** transform info ***
phi = 4.71709E+01
dx  = 5.29131E+00
dy  = 2.63589E+00
*** defect info ***
r  =  3.97243E-01
h  =  1.55731E-01
