*** transform info ***
phi = 5.39802E+01
dx  = 5.96113E+00
dy  = -1.56650E+00
*** defect info ***
r  =  1.01751E+00
h  =  3.64096E-01
