*** transform info ***
phi = 1.55449E+02
dx  = 6.09761E+00
dy  = -1.16194E+00
*** defect info ***
r  =  9.91367E-01
h  =  2.58699E-01
