*** transform info ***
phi = 1.54080E+02
dx  = -2.20160E+00
dy  = -3.61300E-01
*** defect info ***
r  =  4.45345E-01
h  =  3.14675E-01
