*** transform info ***
phi = 1.75760E+02
dx  = -4.21441E+00
dy  = 3.14407E+00
*** defect info ***
r  =  6.27568E-01
h  =  2.64468E-01
