*** transform info ***
phi = 1.64053E+02
dx  = 6.74628E-01
dy  = -2.02934E+00
*** defect info ***
r  =  7.05968E-01
h  =  1.68761E-01
