*** transform info ***
phi = 9.53327E+01
dx  = -3.73957E+00
dy  = 7.33996E-01
*** defect info ***
r  =  1.13850E+00
h  =  2.19589E-01
