*** transform info ***
phi = 9.37977E+01
dx  = -5.29240E+00
dy  = -2.67058E+00
*** defect info ***
r  =  4.06288E-01
h  =  3.99747E-01
