*** transform info ***
phi = 1.32354E+02
dx  = -1.92198E+00
dy  = 2.03183E+00
*** defect info ***
r  =  7.49011E-01
h  =  1.43358E-01
