*** transform info ***
phi = 1.14046E+02
dx  = 7.66111E+00
dy  = 9.81625E-01
*** defect info ***
r  =  3.31260E-01
h  =  1.78855E-01
