*** transform info ***
phi = 1.09995E+02
dx  = 2.01511E-01
dy  = 2.11457E+00
*** defect info ***
r  =  8.58401E-01
h  =  3.83392E-01
