*** transform info ***
phi = 5.48474E+01
dx  = -3.06237E+00
dy  = 3.43501E+00
*** defect info ***
r  =  7.07196E-01
h  =  2.20965E-01
