*** transform info ***
phi = 1.63072E+02
dx  = -6.94199E+00
dy  = -6.42247E+00
*** defect info ***
r  =  9.18703E-01
h  =  3.42525E-01
