*** transform info ***
phi = 1.40433E+02
dx  = -3.67239E+00
dy  = 5.52546E+00
*** defect info ***
r  =  5.84080E-01
h  =  2.61521E-01
