*** transform info ***
phi = 1.23753E+02
dx  = -1.04292E+00
dy  = 3.26843E+00
*** defect info ***
r  =  2.04263E-01
h  =  1.81717E-01
