*** transform info ***
phi = 6.09807E+01
dx  = -4.14118E+00
dy  = 4.27501E+00
*** defect info ***
r  =  4.18936E-01
h  =  2.55482E-01
