*** transform info ***
phi = 4.00681E+01
dx  = 2.99558E+00
dy  = 3.75329E+00
*** defect info ***
r  =  7.49031E-01
h  =  1.04937E-01
