*** transform info ***
phi = 1.58601E+02
dx  = -4.80778E+00
dy  = -1.00817E+00
*** defect info ***
r  =  7.38435E-01
h  =  1.45440E-01
