*** transform info ***
phi = 9.44615E+01
dx  = 4.82691E+00
dy  = -2.37285E+00
*** defect info ***
r  =  1.07362E+00
h  =  1.39864E-01
