*** transform info ***
phi = 1.68914E+02
dx  = -6.86325E+00
dy  = 1.79298E+00
*** defect info ***
r  =  6.56718E-01
h  =  2.31550E-01
