*** transform info ***
phi = 1.18009E+01
dx  = -6.46358E-01
dy  = 6.55373E-01
*** defect info ***
r  =  1.17898E+00
h  =  1.53906E-01
