*** transform info ***
phi = 1.56757E+02
dx  = 4.71756E+00
dy  = 1.86701E-02
*** defect info ***
r  =  1.17340E+00
h  =  3.86532E-01
