*** transform info ***
phi = 1.45972E+02
dx  = 6.27880E+00
dy  = -2.38357E+00
*** defect info ***
r  =  7.63378E-01
h  =  1.50233E-01
