*** transform info ***
phi = 1.28824E+02
dx  = 2.14184E+00
dy  = 1.39779E+00
*** defect info ***
r  =  5.28317E-01
h  =  1.78519E-01
