*** transform info ***
phi = 5.85200E+01
dx  = 4.36844E+00
dy  = 6.42253E+00
*** defect info ***
r  =  5.11977E-01
h  =  2.66433E-01
