*** transform info ***
phi = 1.78782E+01
dx  = -5.38239E+00
dy  = 1.95291E+00
*** defect info ***
r  =  4.56227E-01
h  =  1.78084E-01
