*** transform info ***
phi = 1.29138E+02
dx  = -1.17133E+00
dy  = 3.18067E+00
*** defect info ***
r  =  6.24459E-01
h  =  1.44716E-01
