*** transform info ***
phi = 7.54014E+01
dx  = 7.60631E+00
dy  = 2.46925E-01
*** defect info ***
r  =  7.94967E-01
h  =  3.46272E-01
