*** transform info ***
phi = 9.89630E-01
dx  = -6.30928E+00
dy  = -4.17749E+00
*** defect info ***
r  =  7.60799E-01
h  =  3.94297E-01
