*** transform info ***
phi = 1.63345E+02
dx  = 4.18498E+00
dy  = 5.38820E+00
*** defect info ***
r  =  9.21814E-01
h  =  1.77219E-01
