*** transform info ***
phi = 1.33341E+02
dx  = 3.10089E+00
dy  = -1.21086E+00
*** defect info ***
r  =  3.21278E-01
h  =  1.00996E-01
