*** transform info ***
phi = 1.21493E+02
dx  = -4.58582E+00
dy  = 1.25461E+00
*** defect info ***
r  =  7.05112E-01
h  =  1.90544E-01
