*** transform info ***
phi = 7.09602E+01
dx  = 1.44839E+00
dy  = 3.85929E+00
*** defect info ***
r  =  8.31419E-01
h  =  2.87218E-01
