*** transform info ***
phi = 1.62883E+02
dx  = 9.09670E-01
dy  = 4.99444E-01
*** defect info ***
r  =  4.51670E-01
h  =  3.53640E-01
