*** transform info ***
phi = 1.62886E+02
dx  = -3.70946E+00
dy  = -2.33055E+00
*** defect info ***
r  =  2.95348E-01
h  =  1.88149E-01
