*** transform info ***
phi = 5.22093E+01
dx  = 1.37983E+00
dy  = -5.85119E+00
*** defect info ***
r  =  7.80613E-01
h  =  1.41436E-01
