*** transform info ***
phi = 9.38842E+01
dx  = 3.02490E+00
dy  = 1.35243E+00
*** defect info ***
r  =  4.11289E-01
h  =  1.08514E-01
