*** transform info ***
phi = 2.19787E+01
dx  = 1.19740E+00
dy  = 1.87982E+00
*** defect info ***
r  =  1.07670E+00
h  =  1.69936E-01
