*** transform info ***
phi = 1.73351E+02
dx  = -5.54310E+00
dy  = -1.02171E+00
*** defect info ***
r  =  7.08666E-01
h  =  2.35826E-01
