*** transform info ***
phi = 1.16019E+02
dx  = 2.71742E+00
dy  = -1.22811E+00
*** defect info ***
r  =  1.05911E+00
h  =  1.18033E-01
