*** transform info ***
phi = 1.01643E+02
dx  = 2.14014E+00
dy  = 1.67358E+00
*** defect info ***
r  =  3.51209E-01
h  =  7.27895E-02
