*** transform info ***
phi = 1.40825E+02
dx  = 1.88843E+00
dy  = -7.52022E+00
*** defect info ***
r  =  1.14938E+00
h  =  2.24770E-01
