*** transform info ***
phi = 1.79596E+02
dx  = -1.49093E+00
dy  = 6.29545E-01
*** defect info ***
r  =  5.11270E-01
h  =  2.79259E-01
