*** transform info ***
phi = 7.52750E+00
dx  = 5.93395E+00
dy  = -7.65135E-01
*** defect info ***
r  =  6.35993E-01
h  =  1.05386E-01
