*** transform info ***
phi = 1.66983E+02
dx  = -5.49819E+00
dy  = -3.03537E+00
*** defect info ***
r  =  6.27738E-01
h  =  1.59015E-01
