*** transform info ***
phi = 1.54429E+02
dx  = 5.40397E+00
dy  = 4.80091E+00
*** defect info ***
r  =  9.41646E-01
h  =  2.93247E-01
