*** transform info ***
phi = 1.73332E+02
dx  = 5.14322E+00
dy  = -4.22893E+00
*** defect info ***
r  =  5.75308E-01
h  =  2.11588E-01
