*** transform info ***
phi = 1.41115E+02
dx  = 3.21768E-01
dy  = 4.30695E-01
*** defect info ***
r  =  7.41051E-01
h  =  3.62826E-01
