*** transform info ***
phi = 1.27845E+01
dx  = -2.08471E+00
dy  = 5.07704E-01
*** defect info ***
r  =  8.98535E-01
h  =  3.87783E-01
