*** transform info ***
phi = 7.13855E+01
dx  = 6.92545E+00
dy  = 3.48582E+00
*** defect info ***
r  =  4.01584E-01
h  =  3.14240E-01
