*** transform info ***
phi = 1.37388E+02
dx  = 2.78801E+00
dy  = 3.08040E+00
*** defect info ***
r  =  9.67816E-01
h  =  3.11938E-01
