*** transform info ***
phi = 1.31887E+02
dx  = 6.03981E-01
dy  = 4.46039E+00
*** defect info ***
r  =  6.81490E-01
h  =  2.68350E-01
