*** transform info ***
phi = 8.20857E+01
dx  = -9.22860E-02
dy  = 1.89233E+00
*** defect info ***
r  =  5.27738E-01
h  =  1.98646E-01
