*** transform info ***
phi = 1.22401E+02
dx  = -4.37371E-01
dy  = -4.86019E+00
*** defect info ***
r  =  4.50762E-01
h  =  2.09555E-01
