*** transform info ***
phi = 2.00481E+01
dx  = 1.52530E+00
dy  = -3.49099E+00
*** defect info ***
r  =  6.51931E-01
h  =  2.56868E-01
