*** transform info ***
phi = 6.77443E+01
dx  = 7.98694E+00
dy  = 1.74947E+00
*** defect info ***
r  =  5.07540E-01
h  =  1.85640E-01
