*** transform info ***
phi = 1.68622E+02
dx  = -5.22373E+00
dy  = -3.33789E+00
*** defect info ***
r  =  6.24598E-01
h  =  1.90230E-01
