*** transform info ***
phi = 3.03275E+01
dx  = 1.50980E+00
dy  = 6.57642E-01
*** defect info ***
r  =  4.26890E-01
h  =  9.96516E-02
