*** transform info ***
phi = 1.34517E+02
dx  = -5.36707E+00
dy  = -8.69475E-01
*** defect info ***
r  =  5.90818E-01
h  =  3.74877E-01
