*** transform info ***
phi = 1.49300E+02
dx  = 4.35578E+00
dy  = 3.88334E+00
*** defect info ***
r  =  2.73466E-01
h  =  8.32445E-02
