*** transform info ***
phi = 1.32500E+02
dx  = -8.54412E-01
dy  = 2.47623E+00
*** defect info ***
r  =  8.38168E-01
h  =  1.22247E-01
