*** transform info ***
phi = 1.41658E+02
dx  = -1.48792E-01
dy  = -2.71899E+00
*** defect info ***
r  =  7.73464E-01
h  =  2.91159E-01
