*** transform info ***
phi = 5.80141E+01
dx  = 1.36471E+00
dy  = -4.09835E+00
*** defect info ***
r  =  5.75896E-01
h  =  2.25934E-01
