*** transform info ***
phi = 1.51823E+02
dx  = -2.08123E+00
dy  = 2.10681E+00
*** defect info ***
r  =  4.65937E-01
h  =  3.22969E-01
