*** transform info ***
phi = 6.04965E+01
dx  = -6.76703E+00
dy  = -2.84415E+00
*** defect info ***
r  =  9.60696E-01
h  =  1.20644E-01
