*** transform info ***
phi = 5.72093E+01
dx  = -7.67998E+00
dy  = 6.03367E-02
*** defect info ***
r  =  6.80307E-01
h  =  2.27022E-01
