*** transform info ***
phi = 7.72415E+01
dx  = 2.13975E+00
dy  = 3.79004E+00
*** defect info ***
r  =  8.22610E-01
h  =  2.98992E-01
