*** transform info ***
phi = 6.16888E+01
dx  = -5.21848E+00
dy  = 5.94490E+00
*** defect info ***
r  =  1.02464E+00
h  =  1.13934E-01
