*** transform info ***
phi = 5.00611E+01
dx  = -2.62418E+00
dy  = 2.17279E-01
*** defect info ***
r  =  7.25042E-01
h  =  1.39221E-01
