*** transform info ***
phi = 7.65039E+01
dx  = -3.78815E+00
dy  = 2.19926E+00
*** defect info ***
r  =  1.02819E+00
h  =  1.62636E-01
