*** transform info ***
phi = 1.19012E+02
dx  = -3.30824E-01
dy  = -4.14029E+00
*** defect info ***
r  =  2.34589E-01
h  =  8.19973E-02
