*** transform info ***
phi = 1.45160E+02
dx  = 6.68903E+00
dy  = -2.00538E+00
*** defect info ***
r  =  9.72725E-01
h  =  1.33398E-01
