*** transform info ***
phi = 6.31822E+01
dx  = -4.52122E+00
dy  = -2.53729E+00
*** defect info ***
r  =  7.51064E-01
h  =  2.76224E-01
