*** transform info ***
phi = 7.73045E+01
dx  = 1.79296E+00
dy  = -4.21758E+00
*** defect info ***
r  =  6.71093E-01
h  =  3.62385E-01
