*** transform info ***
phi = 1.27228E+02
dx  = -6.39631E-01
dy  = 1.85939E+00
*** defect info ***
r  =  5.75208E-01
h  =  1.59171E-01
