*** transform info ***
phi = 1.46638E+02
dx  = 3.57966E+00
dy  = 5.29227E+00
*** defect info ***
r  =  1.00981E+00
h  =  1.05222E-01
