*** transform info ***
phi = 4.79350E+01
dx  = 4.01171E+00
dy  = 1.20492E+00
*** defect info ***
r  =  6.98023E-01
h  =  3.55902E-01
