*** transform info ***
phi = 1.50199E+02
dx  = -3.80812E+00
dy  = -4.68948E+00
*** defect info ***
r  =  5.59796E-01
h  =  3.95440E-01
