*** transform info ***
phi = 5.16596E+01
dx  = -5.31245E+00
dy  = 3.77913E+00
*** defect info ***
r  =  1.08618E+00
h  =  3.37257E-01
