*** transform info ***
phi = 1.53284E+02
dx  = -1.81756E-03
dy  = -4.46590E+00
*** defect info ***
r  =  7.96698E-01
h  =  2.41681E-01
