*** transform info ***
phi = 3.66974E+01
dx  = 2.38717E+00
dy  = 2.44205E+00
*** defect info ***
r  =  8.44356E-01
h  =  3.46077E-01
