*** transform info ***
phi = 1.23266E+02
dx  = -3.07399E+00
dy  = 1.03206E+00
*** defect info ***
r  =  5.26212E-01
h  =  3.10219E-01
