*** transform info ***
phi = 8.13095E+01
dx  = -6.69603E+00
dy  = 1.89891E+00
*** defect info ***
r  =  8.92199E-01
h  =  1.81202E-01
