*** transform info ***
phi = 1.62242E+01
dx  = -7.87605E-01
dy  = -3.46041E+00
*** defect info ***
r  =  7.09503E-01
h  =  1.19536E-01
