*** transform info ***
phi = 1.05944E+02
dx  = -1.00103E+00
dy  = 1.67602E+00
*** defect info ***
r  =  1.12359E+00
h  =  2.17914E-01
