*** transform info ***
phi = 1.50156E+02
dx  = -1.86243E+00
dy  = 5.79706E+00
*** defect info ***
r  =  6.18959E-01
h  =  1.71755E-01
