*** transform info ***
phi = 1.40938E+02
dx  = -5.04314E+00
dy  = -1.04464E+00
*** defect info ***
r  =  6.20854E-01
h  =  3.40105E-01
