*** transform info ***
phi = 1.68207E+02
dx  = -7.67575E+00
dy  = 4.97729E+00
*** defect info ***
r  =  6.52584E-01
h  =  1.89557E-01
