*** transform info ***
phi = 6.52878E+01
dx  = -5.22705E+00
dy  = 4.06418E+00
*** defect info ***
r  =  8.54667E-01
h  =  1.42339E-01
