*** transform info ***
phi = 4.98506E+00
dx  = -4.06693E+00
dy  = -7.65568E-01
*** defect info ***
r  =  9.51618E-01
h  =  2.62070E-01
