*** transform info ***
phi = 8.85884E+01
dx  = -5.40806E+00
dy  = 1.69444E+00
*** defect info ***
r  =  8.67080E-01
h  =  1.84514E-01
