*** transform info ***
phi = 1.73210E+02
dx  = -2.60948E+00
dy  = 1.95120E+00
*** defect info ***
r  =  7.07898E-01
h  =  1.66128E-01
