*** transform info ***
phi = 1.29152E+02
dx  = 3.49877E+00
dy  = -2.39886E+00
*** defect info ***
r  =  4.44413E-01
h  =  3.80956E-01
