*** transform info ***
phi = 5.53882E+01
dx  = -4.42078E+00
dy  = -3.91625E+00
*** defect info ***
r  =  3.20443E-01
h  =  1.21174E-01
