*** transform info ***
phi = 4.04957E+01
dx  = 1.67793E+00
dy  = -4.66514E+00
*** defect info ***
r  =  5.94291E-01
h  =  1.09080E-01
