*** transform info ***
phi = 9.89004E+01
dx  = -7.52876E+00
dy  = 3.25181E+00
*** defect info ***
r  =  4.47858E-01
h  =  2.34522E-01
