*** transform info ***
phi = 1.30863E+02
dx  = 3.78065E+00
dy  = 2.40804E+00
*** defect info ***
r  =  1.03515E+00
h  =  3.81405E-01
