*** transform info ***
phi = 1.24970E+02
dx  = 4.61766E+00
dy  = -1.78724E+00
*** defect info ***
r  =  7.93478E-01
h  =  3.64355E-01
