*** transform info ***
phi = 1.65861E+02
dx  = 1.50239E+00
dy  = 7.30098E-02
*** defect info ***
r  =  1.00137E+00
h  =  1.38091E-01
