*** transform info ***
phi = 7.28841E+01
dx  = 1.25871E+00
dy  = -1.65755E+00
*** defect info ***
r  =  5.80355E-01
h  =  1.99569E-01
