*** transform info ***
phi = 1.62081E+02
dx  = -9.83447E-01
dy  = -4.48714E-01
*** defect info ***
r  =  5.38643E-01
h  =  5.49833E-02
