*** transform info ***
phi = 9.91012E+01
dx  = 6.62997E+00
dy  = 3.38201E-01
*** defect info ***
r  =  1.14624E+00
h  =  3.62271E-01
