*** transform info ***
phi = 5.30563E+00
dx  = 4.01632E+00
dy  = -2.52669E-01
*** defect info ***
r  =  1.02202E+00
h  =  2.28162E-01
