*** transform info ***
phi = 2.42820E+01
dx  = -3.47361E+00
dy  = -2.35470E+00
*** defect info ***
r  =  1.07005E+00
h  =  2.49493E-01
