*** transform info ***
phi = 5.15272E+01
dx  = 3.06160E-01
dy  = -2.18293E+00
*** defect info ***
r  =  1.05294E+00
h  =  1.91817E-01
