*** transform info ***
phi = 3.73690E+01
dx  = -4.08550E+00
dy  = 1.14948E+00
*** defect info ***
r  =  8.78375E-01
h  =  3.48617E-01
