*** transform info ***
phi = 7.54123E+01
dx  = 7.38487E-01
dy  = 4.31807E+00
*** defect info ***
r  =  7.16107E-01
h  =  1.33280E-01
