*** transform info ***
phi = 2.43298E+01
dx  = -6.75867E+00
dy  = 1.61504E+00
*** defect info ***
r  =  4.18552E-01
h  =  1.31892E-01
