*** transform info ***
phi = 1.63314E+02
dx  = 6.90058E+00
dy  = 2.45571E+00
*** defect info ***
r  =  8.74274E-01
h  =  1.71714E-01
