*** transform info ***
phi = 1.73636E+02
dx  = 4.06009E+00
dy  = 2.44581E+00
*** defect info ***
r  =  6.98618E-01
h  =  3.62821E-01
