*** transform info ***
phi = 1.28230E+02
dx  = 4.42041E+00
dy  = -3.74476E-01
*** defect info ***
r  =  7.38344E-01
h  =  1.58982E-01
