*** transform info ***
phi = 1.70067E+02
dx  = 7.92759E+00
dy  = -2.03047E+00
*** defect info ***
r  =  5.02528E-01
h  =  2.14704E-01
