*** transform info ***
phi = 1.60548E+02
dx  = 7.39178E+00
dy  = -1.01675E+00
*** defect info ***
r  =  1.13189E+00
h  =  1.97794E-01
