*** transform info ***
phi = 8.83701E+00
dx  = 3.58769E+00
dy  = -9.90046E-01
*** defect info ***
r  =  5.51201E-01
h  =  1.35255E-01
