*** transform info ***
phi = 7.73489E+01
dx  = 4.06476E+00
dy  = 1.35797E+00
*** defect info ***
r  =  8.62787E-01
h  =  1.65586E-01
