*** transform info ***
phi = 4.96887E+01
dx  = -5.08605E+00
dy  = 3.58936E+00
*** defect info ***
r  =  8.78072E-01
h  =  3.73433E-01
