*** transform info ***
phi = 1.80733E+01
dx  = -7.46721E+00
dy  = 1.57565E+00
*** defect info ***
r  =  4.43875E-01
h  =  1.26582E-01
