*** transform info ***
phi = 6.43729E+01
dx  = 5.85083E-01
dy  = -1.30702E+00
*** defect info ***
r  =  5.78455E-01
h  =  2.64327E-01
