*** transform info ***
phi = 8.37052E+01
dx  = -6.21266E+00
dy  = 4.66545E+00
*** defect info ***
r  =  6.09321E-01
h  =  2.84918E-01
