*** transform info ***
phi = 1.24577E+02
dx  = 6.89222E-01
dy  = 4.33131E+00
*** defect info ***
r  =  7.43249E-01
h  =  1.35016E-01
