*** transform info ***
phi = 4.19165E+01
dx  = -8.33342E-01
dy  = 4.47248E+00
*** defect info ***
r  =  1.13376E+00
h  =  2.97771E-01
