*** transform info ***
phi = 1.70247E+02
dx  = 6.79395E-01
dy  = 7.14712E-01
*** defect info ***
r  =  7.75292E-01
h  =  1.16520E-01
