*** transform info ***
phi = 1.12631E+02
dx  = -1.02914E+00
dy  = -1.74552E+00
*** defect info ***
r  =  2.25472E-01
h  =  1.86808E-01
