*** transform info ***
phi = 1.46230E+02
dx  = 7.68645E-01
dy  = 1.08560E+00
*** defect info ***
r  =  7.97401E-01
h  =  2.23002E-01
