*** transform info ***
phi = 1.23582E+01
dx  = 4.60861E+00
dy  = 9.16955E-01
*** defect info ***
r  =  1.14812E+00
h  =  2.20413E-01
