*** transform info ***
phi = 4.10921E+01
dx  = -5.46534E+00
dy  = -1.10187E+00
*** defect info ***
r  =  9.26484E-01
h  =  1.49099E-01
