*** transform info ***
phi = 4.74234E+00
dx  = -5.18396E+00
dy  = -2.93482E+00
*** defect info ***
r  =  8.27569E-01
h  =  2.53689E-01
