*** transform info ***
phi = 5.96741E+01
dx  = -7.73013E-01
dy  = 8.93676E-01
*** defect info ***
r  =  1.12049E+00
h  =  3.17486E-01
