*** transform info ***
phi = 3.54831E+01
dx  = -2.38173E-02
dy  = 1.54979E+00
*** defect info ***
r  =  9.83380E-01
h  =  1.52846E-01
