*** transform info ***
phi = 7.08460E+01
dx  = 4.15251E+00
dy  = -9.01080E-01
*** defect info ***
r  =  4.05221E-01
h  =  2.42781E-01
