*** transform info ***
phi = 1.37818E+02
dx  = 1.42722E+00
dy  = 1.30579E+00
*** defect info ***
r  =  3.92664E-01
h  =  6.87034E-02
