*** transform info ***
phi = 7.51813E+01
dx  = 5.36096E+00
dy  = 2.49710E+00
*** defect info ***
r  =  5.07660E-01
h  =  1.61746E-01
