*** transform info ***
phi = 1.51216E+02
dx  = 7.05192E+00
dy  = 2.11065E+00
*** defect info ***
r  =  6.76763E-01
h  =  3.94677E-01
