*** transform info ***
phi = 1.08439E+02
dx  = 3.15568E+00
dy  = 2.63172E+00
*** defect info ***
r  =  5.61723E-01
h  =  1.64858E-01
