*** transform info ***
phi = 3.64262E+01
dx  = -4.76837E+00
dy  = -1.13718E+00
*** defect info ***
r  =  9.98396E-01
h  =  1.02853E-01
