*** transform info ***
phi = 1.79378E+02
dx  = -7.36678E+00
dy  = 2.02590E+00
*** defect info ***
r  =  2.06909E-01
h  =  1.57582E-01
