*** transform info ***
phi = 1.53634E+02
dx  = -3.04963E+00
dy  = 4.89653E+00
*** defect info ***
r  =  5.42822E-01
h  =  3.19407E-01
