*** transform info ***
phi = 5.69373E+01
dx  = -2.34343E+00
dy  = -1.61330E+00
*** defect info ***
r  =  8.75476E-01
h  =  2.87211E-01
