*** transform info ***
phi = 1.39535E+01
dx  = 3.97155E+00
dy  = 1.78623E+00
*** defect info ***
r  =  7.27348E-01
h  =  3.00388E-01
