*** transform info ***
phi = 6.69729E+01
dx  = -5.02700E+00
dy  = -8.00008E-02
*** defect info ***
r  =  1.13888E+00
h  =  3.00928E-01
