*** transform info ***
phi = 1.00992E+01
dx  = 3.27948E+00
dy  = -2.23633E-01
*** defect info ***
r  =  6.51076E-01
h  =  9.03996E-02
