*** transform info ***
phi = 1.13379E+02
dx  = 2.32932E+00
dy  = -2.94519E+00
*** defect info ***
r  =  1.11195E+00
h  =  2.30709E-01
