*** transform info ***
phi = 9.49525E+01
dx  = 5.15493E+00
dy  = 4.98200E-01
*** defect info ***
r  =  7.71513E-01
h  =  9.45533E-02
