*** transform info ***
phi = 1.63221E+02
dx  = 2.75914E+00
dy  = -4.17257E+00
*** defect info ***
r  =  7.03982E-01
h  =  1.26491E-01
