*** transform info ***
phi = 1.09722E+02
dx  = 2.62641E+00
dy  = -1.52012E+00
*** defect info ***
r  =  8.20247E-01
h  =  2.81421E-01
