*** transform info ***
phi = 7.21446E+01
dx  = 7.18616E+00
dy  = -5.82294E+00
*** defect info ***
r  =  7.51573E-01
h  =  2.88059E-01
