*** transform info ***
phi = 4.98079E+01
dx  = -4.06159E+00
dy  = 5.15742E+00
*** defect info ***
r  =  8.24779E-01
h  =  1.84013E-01
