*** transform info ***
phi = 1.70815E+02
dx  = 5.90013E+00
dy  = -1.26421E+00
*** defect info ***
r  =  6.97653E-01
h  =  2.97257E-01
