*** transform info ***
phi = 3.32751E+01
dx  = 5.37745E-01
dy  = 3.44474E+00
*** defect info ***
r  =  9.53695E-01
h  =  2.39774E-01
