*** transform info ***
phi = 1.46132E+02
dx  = 5.93449E+00
dy  = -2.90865E+00
*** defect info ***
r  =  5.50864E-01
h  =  1.11584E-01
