*** transform info ***
phi = 1.69702E+02
dx  = -4.32096E+00
dy  = 2.60447E+00
*** defect info ***
r  =  6.02994E-01
h  =  2.38114E-01
