*** transform info ***
phi = 1.43384E+02
dx  = 7.14945E+00
dy  = 1.98151E+00
*** defect info ***
r  =  5.11976E-01
h  =  1.51938E-01
