*** transform info ***
phi = 3.72679E+01
dx  = -9.27623E-02
dy  = 3.80670E+00
*** defect info ***
r  =  7.81747E-01
h  =  1.43993E-01
