*** transform info ***
phi = 1.33434E+02
dx  = -1.21538E+00
dy  = -3.11925E+00
*** defect info ***
r  =  1.09126E+00
h  =  3.47028E-01
