*** transform info ***
phi = 1.52292E+02
dx  = -2.60726E+00
dy  = 3.46163E+00
*** defect info ***
r  =  1.09260E+00
h  =  2.91019E-01
