*** transform info ***
phi = 1.56139E+02
dx  = 3.75002E+00
dy  = -1.17012E+00
*** defect info ***
r  =  9.41425E-01
h  =  1.65459E-01
