*** transform info ***
phi = 1.41192E+02
dx  = -5.83824E+00
dy  = -1.53148E+00
*** defect info ***
r  =  1.00252E+00
h  =  2.21085E-01
