*** transform info ***
phi = 1.27461E+00
dx  = 7.13002E+00
dy  = 1.51996E+00
*** defect info ***
r  =  5.24320E-01
h  =  3.30192E-01
