*** transform info ***
phi = 8.35440E+01
dx  = 2.39616E+00
dy  = -4.66508E+00
*** defect info ***
r  =  6.25631E-01
h  =  2.82125E-01
