*** transform info ***
phi = 1.60693E+02
dx  = 7.45074E-01
dy  = -3.31120E+00
*** defect info ***
r  =  9.95545E-01
h  =  2.70025E-01
