*** transform info ***
phi = 1.23798E+02
dx  = -2.37131E+00
dy  = 3.91757E+00
*** defect info ***
r  =  4.38314E-01
h  =  3.35935E-01
