*** transform info ***
phi = 5.57411E+01
dx  = -9.27202E-01
dy  = 2.51481E+00
*** defect info ***
r  =  2.76611E-01
h  =  1.71678E-01
