*** transform info ***
phi = 5.57538E+01
dx  = -5.64208E+00
dy  = -4.61096E+00
*** defect info ***
r  =  5.12827E-01
h  =  1.66416E-01
