*** transform info ***
phi = 1.50424E+02
dx  = -6.21133E+00
dy  = 2.73839E+00
*** defect info ***
r  =  9.69235E-01
h  =  1.76983E-01
