*** transform info ***
phi = 6.54929E+01
dx  = -3.40151E+00
dy  = -4.88461E+00
*** defect info ***
r  =  8.03576E-01
h  =  3.21818E-01
