*** transform info ***
phi = 1.78452E+02
dx  = -1.70373E+00
dy  = -4.45537E+00
*** defect info ***
r  =  7.53272E-01
h  =  1.68718E-01
