*** transform info ***
phi = 8.95294E+01
dx  = 7.27898E-01
dy  = -4.78137E+00
*** defect info ***
r  =  1.05238E+00
h  =  2.42623E-01
