*** transform info ***
phi = 1.58421E+02
dx  = -2.45942E+00
dy  = 5.46884E+00
*** defect info ***
r  =  7.65824E-01
h  =  1.22426E-01
