*** transform info ***
phi = 8.59560E+01
dx  = -7.69826E+00
dy  = -5.39207E-01
*** defect info ***
r  =  1.08411E+00
h  =  3.48435E-01
