*** transform info ***
phi = 6.27205E+01
dx  = -9.54900E-01
dy  = -4.39403E+00
*** defect info ***
r  =  8.54295E-01
h  =  3.12834E-01
