*** transform info ***
phi = 1.59697E+02
dx  = -4.54540E+00
dy  = 1.94471E+00
*** defect info ***
r  =  2.63884E-01
h  =  1.67797E-01
