*** transform info ***
phi = 1.36171E+01
dx  = 2.04839E+00
dy  = -1.78161E+00
*** defect info ***
r  =  8.29524E-01
h  =  3.16413E-01
