*** transform info ***
phi = 1.77999E+02
dx  = 7.28212E+00
dy  = 1.66584E+00
*** defect info ***
r  =  1.57784E-01
h  =  1.20191E-01
