*** transform info ***
phi = 8.82759E+01
dx  = 3.99366E+00
dy  = 3.63342E+00
*** defect info ***
r  =  7.18252E-01
h  =  1.27284E-01
