*** transform info ***
phi = 6.39732E+01
dx  = 6.27557E+00
dy  = 7.18353E+00
*** defect info ***
r  =  5.69044E-01
h  =  3.73017E-01
