*** transform info ***
phi = 5.11726E+01
dx  = -3.53880E+00
dy  = 1.38131E-03
*** defect info ***
r  =  8.30010E-01
h  =  3.03758E-01
