*** transform info ***
phi = 8.74375E+01
dx  = 3.25605E+00
dy  = 3.45224E+00
*** defect info ***
r  =  4.89885E-01
h  =  1.03194E-01
