*** transform info ***
phi = 6.88434E+01
dx  = 4.31267E+00
dy  = 1.09059E-01
*** defect info ***
r  =  8.00454E-01
h  =  1.59773E-01
