*** transform info ***
phi = 1.75925E+02
dx  = -5.42721E+00
dy  = 1.96499E+00
*** defect info ***
r  =  3.51008E-01
h  =  1.91702E-01
