*** transform info ***
phi = 6.94982E+01
dx  = 1.58479E+00
dy  = -2.76890E+00
*** defect info ***
r  =  9.05729E-01
h  =  3.48506E-01
