*** transform info ***
phi = 9.76132E+01
dx  = 4.28028E+00
dy  = 3.11013E+00
*** defect info ***
r  =  1.63338E-01
h  =  5.54840E-02
