*** transform info ***
phi = 1.42590E+02
dx  = -3.05387E+00
dy  = 2.67360E+00
*** defect info ***
r  =  4.14801E-01
h  =  1.37567E-01
