*** transform info ***
phi = 1.57345E+02
dx  = -7.79124E+00
dy  = -6.02435E+00
*** defect info ***
r  =  8.65203E-01
h  =  1.86176E-01
