*** transform info ***
phi = 1.71492E+02
dx  = 6.48893E+00
dy  = 3.15113E+00
*** defect info ***
r  =  1.11104E+00
h  =  2.55416E-01
