*** transform info ***
phi = 7.63165E+01
dx  = 4.75634E+00
dy  = -6.68257E-01
*** defect info ***
r  =  1.15719E+00
h  =  3.28642E-01
