*** transform info ***
phi = 2.38364E+01
dx  = -1.02680E+00
dy  = -1.83018E+00
*** defect info ***
r  =  5.89588E-01
h  =  2.86543E-01
