*** transform info ***
phi = 4.57047E+00
dx  = -4.57362E+00
dy  = -3.78553E+00
*** defect info ***
r  =  7.07433E-01
h  =  1.84828E-01
