*** transform info ***
phi = 4.76257E+01
dx  = -1.38237E+00
dy  = -4.17378E+00
*** defect info ***
r  =  4.97525E-01
h  =  1.36862E-01
