*** transform info ***
phi = 9.56237E+01
dx  = -5.92588E-02
dy  = 2.73152E-01
*** defect info ***
r  =  4.13176E-01
h  =  1.43133E-01
