*** transform info ***
phi = 1.56862E+02
dx  = 6.66446E+00
dy  = 5.01597E+00
*** defect info ***
r  =  5.56466E-01
h  =  1.01713E-01
