*** transform info ***
phi = 5.25006E+01
dx  = -2.80207E+00
dy  = 2.82873E+00
*** defect info ***
r  =  9.11879E-01
h  =  2.70603E-01
