*** transform info ***
phi = 4.68758E+01
dx  = 2.63344E+00
dy  = -4.34371E+00
*** defect info ***
r  =  8.27444E-01
h  =  1.68353E-01
