*** transform info ***
phi = 1.66096E+02
dx  = -2.57770E+00
dy  = -2.00128E+00
*** defect info ***
r  =  2.84019E-01
h  =  6.43107E-02
