*** transform info ***
phi = 1.62308E+02
dx  = -2.56391E+00
dy  = -4.25618E+00
*** defect info ***
r  =  1.05722E+00
h  =  3.03763E-01
