*** transform info ***
phi = 1.05746E+02
dx  = 2.80500E+00
dy  = -2.60507E+00
*** defect info ***
r  =  5.50119E-01
h  =  1.06830E-01
