*** transform info ***
phi = 1.63778E+02
dx  = 1.02958E+00
dy  = -1.83882E+00
*** defect info ***
r  =  6.98465E-01
h  =  3.13955E-01
