*** transform info ***
phi = 1.52191E+02
dx  = 2.83627E+00
dy  = -4.00520E+00
*** defect info ***
r  =  8.41968E-01
h  =  3.01123E-01
