*** transform info ***
phi = 1.90086E+00
dx  = 5.61424E+00
dy  = -1.36230E+00
*** defect info ***
r  =  5.31526E-01
h  =  1.53120E-01
