*** transform info ***
phi = 1.33998E+02
dx  = 1.22504E+00
dy  = 4.77171E+00
*** defect info ***
r  =  1.19324E+00
h  =  3.56684E-01
