*** transform info ***
phi = 1.31837E+02
dx  = 5.38550E+00
dy  = -2.40217E+00
*** defect info ***
r  =  4.99757E-01
h  =  1.18138E-01
