*** transform info ***
phi = 1.76851E+02
dx  = 5.07757E-02
dy  = -2.35145E+00
*** defect info ***
r  =  4.53928E-01
h  =  2.18326E-01
