*** transform info ***
phi = 1.09761E+02
dx  = 1.57314E+00
dy  = -9.87598E-01
*** defect info ***
r  =  8.33862E-01
h  =  1.27272E-01
