*** transform info ***
phi = 1.60166E+02
dx  = -2.64146E+00
dy  = 4.40724E+00
*** defect info ***
r  =  8.53239E-01
h  =  3.52019E-01
