*** transform info ***
phi = 6.61830E+01
dx  = -5.31230E-01
dy  = 4.13787E+00
*** defect info ***
r  =  7.70507E-01
h  =  1.72290E-01
