*** transform info ***
phi = 1.43154E+02
dx  = 4.12952E+00
dy  = -5.17792E+00
*** defect info ***
r  =  7.70089E-01
h  =  1.81760E-01
