*** transform info ***
phi = 2.98234E+01
dx  = -5.11535E+00
dy  = -1.32495E+00
*** defect info ***
r  =  1.06642E+00
h  =  3.23881E-01
