*** transform info ***
phi = 1.61761E+02
dx  = 7.81188E+00
dy  = -4.11658E+00
*** defect info ***
r  =  3.20619E-01
h  =  1.46222E-01
