*** transform info ***
phi = 7.23485E+01
dx  = 2.01500E+00
dy  = 3.01382E+00
*** defect info ***
r  =  7.25998E-01
h  =  2.97507E-01
