*** transform info ***
phi = 1.43763E+02
dx  = 9.91272E-01
dy  = -5.37865E+00
*** defect info ***
r  =  1.11778E+00
h  =  3.22191E-01
