*** transform info ***
phi = 6.64659E+01
dx  = 6.46648E+00
dy  = -3.41854E+00
*** defect info ***
r  =  7.84842E-01
h  =  3.28660E-01
