*** transform info ***
phi = 1.80660E+01
dx  = 3.22760E+00
dy  = 2.69390E+00
*** defect info ***
r  =  7.40924E-01
h  =  2.52437E-01
