*** transform info ***
phi = 1.45521E+02
dx  = -1.54266E+00
dy  = -2.92005E+00
*** defect info ***
r  =  5.48574E-01
h  =  2.48090E-01
