*** transform info ***
phi = 1.46074E+02
dx  = -5.01311E+00
dy  = -2.49240E+00
*** defect info ***
r  =  1.02971E+00
h  =  2.14973E-01
