*** transform info ***
phi = 1.51092E+02
dx  = 6.78374E+00
dy  = 1.25575E-01
*** defect info ***
r  =  6.13068E-01
h  =  2.42909E-01
