*** transform info ***
phi = 5.88197E+01
dx  = -7.48944E+00
dy  = 1.22894E+00
*** defect info ***
r  =  5.76313E-01
h  =  1.78530E-01
