*** transform info ***
phi = 1.51530E+02
dx  = -3.89521E+00
dy  = 4.11939E+00
*** defect info ***
r  =  4.18169E-01
h  =  3.52563E-01
