*** transform info ***
phi = 1.42842E+02
dx  = 1.87061E+00
dy  = -2.48853E+00
*** defect info ***
r  =  1.05433E+00
h  =  1.05780E-01
