*** transform info ***
phi = 1.40980E+02
dx  = -2.08384E-02
dy  = -1.06380E-01
*** defect info ***
r  =  6.66777E-01
h  =  3.53037E-01
