*** transform info ***
phi = 1.35511E+02
dx  = -1.38798E+00
dy  = 1.99465E+00
*** defect info ***
r  =  6.87326E-01
h  =  1.17415E-01
