*** transform info ***
phi = 8.95307E+01
dx  = 3.56407E+00
dy  = 4.71750E+00
*** defect info ***
r  =  5.18133E-01
h  =  2.82213E-01
