*** transform info ***
phi = 1.01090E+02
dx  = 4.13483E+00
dy  = -2.88869E+00
*** defect info ***
r  =  5.39945E-01
h  =  1.33880E-01
