*** transform info ***
phi = 1.59102E+02
dx  = 4.35604E+00
dy  = -5.04926E+00
*** defect info ***
r  =  5.59908E-01
h  =  2.91308E-01
