*** transform info ***
phi = 6.06249E+01
dx  = 5.23766E+00
dy  = 8.23061E-01
*** defect info ***
r  =  9.91158E-01
h  =  1.57422E-01
