*** transform info ***
phi = 1.55614E+02
dx  = -6.04831E+00
dy  = -2.81688E+00
*** defect info ***
r  =  6.73297E-01
h  =  3.14669E-01
