*** transform info ***
phi = 3.82441E+01
dx  = -1.11559E+00
dy  = -5.42668E+00
*** defect info ***
r  =  5.09754E-01
h  =  2.02980E-01
