*** transform info ***
phi = 7.23428E+01
dx  = -7.93716E+00
dy  = -5.24306E+00
*** defect info ***
r  =  1.18812E+00
h  =  2.28556E-01
