*** transform info ***
phi = 1.29229E+02
dx  = 7.67884E-01
dy  = -4.38113E-01
*** defect info ***
r  =  1.03547E+00
h  =  1.19876E-01
