*** transform info ***
phi = 6.93148E+01
dx  = -2.00417E+00
dy  = 1.61940E+00
*** defect info ***
r  =  6.66534E-01
h  =  1.97463E-01
