*** transform info ***
phi = 3.33658E+00
dx  = -7.25591E+00
dy  = 4.16089E+00
*** defect info ***
r  =  7.97167E-01
h  =  3.91690E-01
