*** transform info ***
phi = 2.02937E+01
dx  = 2.71929E+00
dy  = -2.20702E+00
*** defect info ***
r  =  4.82065E-01
h  =  1.13417E-01
