*** transform info ***
phi = 5.29660E+01
dx  = 1.99613E+00
dy  = -1.03256E+00
*** defect info ***
r  =  5.77512E-01
h  =  1.14628E-01
