*** transform info ***
phi = 1.70917E+02
dx  = -2.29549E+00
dy  = -2.59047E-01
*** defect info ***
r  =  4.15273E-01
h  =  1.49791E-01
