*** transform info ***
phi = 1.68790E+02
dx  = -1.67291E+00
dy  = -1.43250E+00
*** defect info ***
r  =  9.38883E-01
h  =  1.70464E-01
