*** transform info ***
phi = 4.61334E+01
dx  = 4.04524E+00
dy  = 4.12379E+00
*** defect info ***
r  =  5.62118E-01
h  =  2.37403E-01
