*** transform info ***
phi = 6.20202E+01
dx  = 5.73057E+00
dy  = -2.53046E+00
*** defect info ***
r  =  4.13939E-01
h  =  1.79031E-01
