*** transform info ***
phi = 1.91371E+01
dx  = -2.90410E+00
dy  = -2.39414E+00
*** defect info ***
r  =  4.67530E-01
h  =  1.60183E-01
