*** transform info ***
phi = 3.20892E+01
dx  = -1.60825E+00
dy  = 2.00404E-01
*** defect info ***
r  =  3.08431E-01
h  =  1.37940E-01
