*** transform info ***
phi = 1.26489E+02
dx  = 3.76256E+00
dy  = -5.84350E-01
*** defect info ***
r  =  1.93430E-01
h  =  1.52757E-01
