*** transform info ***
phi = 9.59957E+01
dx  = -4.48432E+00
dy  = -2.40660E-01
*** defect info ***
r  =  7.10346E-01
h  =  1.62110E-01
