*** transform info ***
phi = 4.54448E+01
dx  = 1.23334E+00
dy  = 5.73083E+00
*** defect info ***
r  =  6.72698E-01
h  =  1.58873E-01
