*** transform info ***
phi = 1.66989E+02
dx  = 1.77416E+00
dy  = 3.56313E+00
*** defect info ***
r  =  7.62287E-01
h  =  2.08961E-01
