*** transform info ***
phi = 1.77695E+02
dx  = -3.79440E+00
dy  = 9.28519E-01
*** defect info ***
r  =  4.81337E-01
h  =  2.49856E-01
