*** transform info ***
phi = 6.33400E+01
dx  = 4.96282E+00
dy  = -2.53445E+00
*** defect info ***
r  =  6.16530E-01
h  =  1.87029E-01
