*** transform info ***
phi = 1.77938E+02
dx  = 7.43492E+00
dy  = 3.23135E+00
*** defect info ***
r  =  7.65663E-01
h  =  3.64922E-01
