*** transform info ***
phi = 9.84950E+01
dx  = 3.48724E+00
dy  = -8.99003E-01
*** defect info ***
r  =  7.36795E-01
h  =  3.29549E-01
