*** transform info ***
phi = 1.07738E+02
dx  = -6.89542E+00
dy  = -1.59287E+00
*** defect info ***
r  =  9.64866E-01
h  =  2.10806E-01
