*** transform info ***
phi = 6.94058E+01
dx  = 6.68217E+00
dy  = -1.77480E+00
*** defect info ***
r  =  6.34502E-01
h  =  2.54886E-01
