*** transform info ***
phi = 1.08983E+02
dx  = -6.56997E+00
dy  = 1.72499E+00
*** defect info ***
r  =  3.21639E-01
h  =  9.50003E-02
