*** transform info ***
phi = 1.47468E+02
dx  = 8.19436E-01
dy  = 3.89700E+00
*** defect info ***
r  =  5.21336E-01
h  =  8.77512E-02
