*** transform info ***
phi = 6.34838E+01
dx  = -2.60706E+00
dy  = -3.84364E+00
*** defect info ***
r  =  1.05572E+00
h  =  3.55810E-01
