*** transform info ***
phi = 1.66566E+02
dx  = -6.56889E-01
dy  = -1.76454E+00
*** defect info ***
r  =  9.41998E-01
h  =  2.62900E-01
