*** transform info ***
phi = 1.89277E+01
dx  = -3.82103E+00
dy  = -1.65182E+00
*** defect info ***
r  =  5.05180E-01
h  =  1.95898E-01
