*** transform info ***
phi = 6.02914E+01
dx  = -9.63384E-01
dy  = 1.23411E+00
*** defect info ***
r  =  9.68928E-01
h  =  2.28902E-01
