*** transform info ***
phi = 1.65111E+02
dx  = 5.96491E+00
dy  = 2.53641E+00
*** defect info ***
r  =  1.07346E+00
h  =  1.85190E-01
