*** transform info ***
phi = 7.83567E+01
dx  = 3.07833E+00
dy  = 1.43509E+00
*** defect info ***
r  =  6.17426E-01
h  =  1.70503E-01
