*** transform info ***
phi = 6.74405E+01
dx  = -3.15468E+00
dy  = -2.55621E+00
*** defect info ***
r  =  7.92550E-01
h  =  1.49497E-01
