*** transform info ***
phi = 7.91199E+01
dx  = -7.12472E+00
dy  = -5.62029E+00
*** defect info ***
r  =  7.82593E-01
h  =  1.59289E-01
