*** transform info ***
phi = 1.13824E+02
dx  = -6.08544E-02
dy  = -4.51507E+00
*** defect info ***
r  =  7.29209E-01
h  =  1.70217E-01
