*** transform info ***
phi = 1.02042E+02
dx  = 6.96209E+00
dy  = 8.31878E-01
*** defect info ***
r  =  7.45623E-01
h  =  1.61108E-01
