*** transform info ***
phi = 1.56232E+02
dx  = 1.36063E+00
dy  = -4.47552E+00
*** defect info ***
r  =  5.88977E-01
h  =  1.40480E-01
