*** transform info ***
phi = 9.06481E+00
dx  = 5.45875E+00
dy  = 2.98970E+00
*** defect info ***
r  =  6.90255E-01
h  =  2.10371E-01
