*** transform info ***
phi = 6.09436E+01
dx  = 3.49137E+00
dy  = -4.46932E+00
*** defect info ***
r  =  8.32023E-01
h  =  2.81368E-01
