*** transform info ***
phi = 6.44725E+01
dx  = 6.66891E+00
dy  = 2.59152E+00
*** defect info ***
r  =  8.87145E-01
h  =  1.21327E-01
