*** transform info ***
phi = 8.71956E+01
dx  = 2.69755E+00
dy  = 3.65656E+00
*** defect info ***
r  =  7.49471E-01
h  =  1.88206E-01
