*** transform info ***
phi = 6.19442E+01
dx  = -1.29507E+00
dy  = 5.11280E+00
*** defect info ***
r  =  9.16786E-01
h  =  1.39939E-01
