*** transform info ***
phi = 6.34985E+01
dx  = -1.48920E+00
dy  = 4.48744E+00
*** defect info ***
r  =  5.32608E-01
h  =  2.60241E-01
