*** transform info ***
phi = 2.68282E+01
dx  = -6.50995E+00
dy  = -2.01379E-01
*** defect info ***
r  =  3.54225E-01
h  =  1.55730E-01
