*** transform info ***
phi = 1.30093E+02
dx  = 6.93745E-01
dy  = -2.72125E+00
*** defect info ***
r  =  5.87010E-01
h  =  2.03689E-01
