*** transform info ***
phi = 1.40540E+02
dx  = 6.69161E-02
dy  = -3.37514E+00
*** defect info ***
r  =  6.31149E-01
h  =  7.19283E-02
