*** transform info ***
phi = 4.84463E-01
dx  = 5.06616E+00
dy  = 4.49321E+00
*** defect info ***
r  =  4.90842E-01
h  =  3.11998E-01
