*** transform info ***
phi = 3.69823E+01
dx  = 4.00624E+00
dy  = 4.81395E-01
*** defect info ***
r  =  5.29409E-01
h  =  3.60191E-01
