*** transform info ***
phi = 1.45271E+02
dx  = -5.37868E-01
dy  = 5.58500E+00
*** defect info ***
r  =  6.65560E-01
h  =  1.89606E-01
