*** transform info ***
phi = 1.25677E+02
dx  = 9.92412E-02
dy  = -3.27414E+00
*** defect info ***
r  =  1.17956E+00
h  =  2.08994E-01
