*** transform info ***
phi = 1.49687E+02
dx  = -7.39754E+00
dy  = -3.07991E+00
*** defect info ***
r  =  6.42601E-01
h  =  3.91474E-01
