*** transform info ***
phi = 9.29120E+01
dx  = 5.39846E-01
dy  = 8.81241E-01
*** defect info ***
r  =  5.99660E-01
h  =  3.69138E-01
