*** transform info ***
phi = 7.55796E+01
dx  = -9.47014E-01
dy  = 4.52654E+00
*** defect info ***
r  =  9.84425E-01
h  =  2.56933E-01
