*** transform info ***
phi = 9.43777E+01
dx  = 4.78968E+00
dy  = -3.58037E+00
*** defect info ***
r  =  1.03138E+00
h  =  1.40708E-01
