*** transform info ***
phi = 1.69586E+02
dx  = 7.10369E-02
dy  = -2.23667E+00
*** defect info ***
r  =  9.94488E-01
h  =  1.62740E-01
