*** transform info ***
phi = 5.99322E+01
dx  = -4.41095E+00
dy  = -2.04999E+00
*** defect info ***
r  =  1.06728E+00
h  =  3.69677E-01
