*** transform info ***
phi = 1.47069E+02
dx  = -4.12645E+00
dy  = -1.01826E+00
*** defect info ***
r  =  8.13668E-01
h  =  3.86742E-01
