*** transform info ***
phi = 9.12374E+01
dx  = -7.53759E+00
dy  = -2.72795E+00
*** defect info ***
r  =  5.49159E-01
h  =  1.28237E-01
