*** transform info ***
phi = 8.69258E+01
dx  = -4.09481E+00
dy  = -3.27297E+00
*** defect info ***
r  =  3.36770E-01
h  =  1.17787E-01
