*** transform info ***
phi = 1.54378E+02
dx  = -5.07532E+00
dy  = 3.98959E+00
*** defect info ***
r  =  8.76075E-01
h  =  2.62342E-01
