*** transform info ***
phi = 1.63749E+02
dx  = 6.58617E+00
dy  = 1.04565E+00
*** defect info ***
r  =  6.35781E-01
h  =  1.02656E-01
