*** transform info ***
phi = 1.28764E+02
dx  = -6.74279E+00
dy  = 1.87378E-02
*** defect info ***
r  =  4.12490E-01
h  =  2.72333E-01
