*** transform info ***
phi = 1.39764E+02
dx  = -6.20737E+00
dy  = 1.42362E+00
*** defect info ***
r  =  3.59877E-01
h  =  1.01392E-01
