*** transform info ***
phi = 1.70491E+02
dx  = 1.56334E+00
dy  = -2.99889E+00
*** defect info ***
r  =  3.59590E-01
h  =  1.48752E-01
