*** transform info ***
phi = 4.54276E+01
dx  = -3.64587E+00
dy  = -2.49092E+00
*** defect info ***
r  =  3.57433E-01
h  =  1.19861E-01
