*** transform info ***
phi = 7.45445E+01
dx  = -6.20241E-01
dy  = 4.04492E+00
*** defect info ***
r  =  7.60055E-01
h  =  2.53425E-01
