*** transform info ***
phi = 6.91490E+01
dx  = -6.17613E+00
dy  = 4.00538E+00
*** defect info ***
r  =  9.90527E-01
h  =  2.50027E-01
