*** transform info ***
phi = 6.45472E+01
dx  = -8.65823E-01
dy  = -3.30831E+00
*** defect info ***
r  =  8.41328E-01
h  =  1.82382E-01
