*** transform info ***
phi = 5.56762E+01
dx  = -2.61448E+00
dy  = -4.18435E+00
*** defect info ***
r  =  5.55810E-01
h  =  3.27760E-01
