*** transform info ***
phi = 8.85601E+01
dx  = 6.83137E+00
dy  = -2.55011E+00
*** defect info ***
r  =  9.50446E-01
h  =  3.04036E-01
