*** transform info ***
phi = 1.38801E+02
dx  = -3.88402E+00
dy  = -3.62073E+00
*** defect info ***
r  =  8.99696E-01
h  =  2.57863E-01
