*** transform info ***
phi = 8.09222E+01
dx  = -2.96200E+00
dy  = 1.00104E+00
*** defect info ***
r  =  7.62580E-01
h  =  1.58208E-01
