*** transform info ***
phi = 1.73932E+01
dx  = -2.09113E-01
dy  = 3.61332E+00
*** defect info ***
r  =  1.03568E+00
h  =  3.77367E-01
