*** transform info ***
phi = 8.19249E+01
dx  = -1.64310E+00
dy  = 2.89957E+00
*** defect info ***
r  =  6.99847E-01
h  =  1.15905E-01
