*** transform info ***
phi = 1.45912E+02
dx  = 9.04197E-01
dy  = -2.57943E+00
*** defect info ***
r  =  9.50803E-01
h  =  2.88884E-01
