*** transform info ***
phi = 1.23904E+01
dx  = -1.34956E+00
dy  = 5.58038E-01
*** defect info ***
r  =  7.57349E-01
h  =  1.40609E-01
