*** transform info ***
phi = 1.77358E+02
dx  = 5.72034E+00
dy  = 1.14465E-01
*** defect info ***
r  =  7.66134E-01
h  =  1.42661E-01
