*** transform info ***
phi = 1.56153E+02
dx  = 5.97006E-02
dy  = -4.04183E+00
*** defect info ***
r  =  9.10056E-01
h  =  1.68958E-01
