*** transform info ***
phi = 1.39583E+00
dx  = 7.85801E+00
dy  = -4.16899E+00
*** defect info ***
r  =  9.50486E-01
h  =  1.41975E-01
