*** transform info ***
phi = 1.57938E+01
dx  = 1.05640E+00
dy  = 2.63508E+00
*** defect info ***
r  =  7.82177E-01
h  =  1.69226E-01
