*** transform info ***
phi = 1.52964E+02
dx  = -3.44661E+00
dy  = -1.73548E+00
*** defect info ***
r  =  6.53786E-01
h  =  1.32021E-01
