*** transform info ***
phi = 5.57779E+01
dx  = 6.28619E+00
dy  = 3.59528E-01
*** defect info ***
r  =  5.46894E-01
h  =  3.33060E-01
