*** transform info ***
phi = 1.43308E+02
dx  = -1.19191E+00
dy  = -2.18547E+00
*** defect info ***
r  =  8.07591E-01
h  =  1.01272E-01
