*** transform info ***
phi = 8.02395E+01
dx  = -1.68027E+00
dy  = 1.27006E+00
*** defect info ***
r  =  4.66602E-01
h  =  1.75531E-01
