*** transform info ***
phi = 1.45109E+02
dx  = -3.67905E+00
dy  = 4.34355E+00
*** defect info ***
r  =  4.23569E-01
h  =  6.61420E-02
