*** transform info ***
phi = 2.02369E+01
dx  = 4.03560E-01
dy  = 2.52263E+00
*** defect info ***
r  =  4.54622E-01
h  =  6.27224E-02
