*** transform info ***
phi = 2.55198E+00
dx  = 6.69868E+00
dy  = 5.61664E-01
*** defect info ***
r  =  7.20675E-01
h  =  1.21909E-01
