*** transform info ***
phi = 1.24404E+02
dx  = 7.05934E+00
dy  = -7.45165E-01
*** defect info ***
r  =  1.01268E+00
h  =  2.60825E-01
