*** transform info ***
phi = 1.00822E+02
dx  = 7.54083E+00
dy  = -2.53360E+00
*** defect info ***
r  =  4.33359E-01
h  =  1.69638E-01
