*** transform info ***
phi = 1.51671E+02
dx  = 3.41043E+00
dy  = -3.88700E-01
*** defect info ***
r  =  6.86695E-01
h  =  1.12851E-01
