*** transform info ***
phi = 8.16255E+01
dx  = 6.07695E+00
dy  = -3.59109E+00
*** defect info ***
r  =  1.12282E+00
h  =  2.24608E-01
