*** transform info ***
phi = 1.68203E+02
dx  = 4.27502E+00
dy  = -4.31082E+00
*** defect info ***
r  =  7.76946E-01
h  =  3.47562E-01
