*** transform info ***
phi = 1.64950E+02
dx  = -6.93602E+00
dy  = -1.36400E+00
*** defect info ***
r  =  4.64625E-01
h  =  2.42990E-01
