*** transform info ***
phi = 1.75561E+02
dx  = 1.14769E+00
dy  = -2.69055E+00
*** defect info ***
r  =  7.48742E-01
h  =  1.55797E-01
