*** transform info ***
phi = 1.56717E+02
dx  = 7.70479E+00
dy  = 6.34873E-01
*** defect info ***
r  =  7.77581E-01
h  =  6.63356E-02
