*** transform info ***
phi = 4.66357E+01
dx  = 1.89406E+00
dy  = 5.82684E+00
*** defect info ***
r  =  6.28648E-01
h  =  2.72540E-01
