*** transform info ***
phi = 8.04657E+01
dx  = -4.76980E+00
dy  = 4.02440E+00
*** defect info ***
r  =  4.53900E-01
h  =  2.31892E-01
