*** transform info ***
phi = 3.27083E+01
dx  = 6.37214E-01
dy  = -2.79315E+00
*** defect info ***
r  =  4.34121E-01
h  =  2.74887E-01
