*** transform info ***
phi = 1.64761E+02
dx  = -4.93049E+00
dy  = 2.58104E+00
*** defect info ***
r  =  6.50555E-01
h  =  1.10121E-01
