*** transform info ***
phi = 1.37809E+02
dx  = 5.23608E+00
dy  = 2.23658E+00
*** defect info ***
r  =  6.47713E-01
h  =  2.99409E-01
