*** transform info ***
phi = 9.50113E+01
dx  = -4.26278E+00
dy  = -1.74282E+00
*** defect info ***
r  =  5.96723E-01
h  =  1.60523E-01
