*** transform info ***
phi = 7.93492E+01
dx  = 4.28263E+00
dy  = -2.82782E+00
*** defect info ***
r  =  1.17157E+00
h  =  1.19424E-01
