*** transform info ***
phi = 1.06761E+02
dx  = 4.45866E+00
dy  = -1.24886E+00
*** defect info ***
r  =  9.47350E-01
h  =  1.24855E-01
