*** transform info ***
phi = 3.12061E+01
dx  = 3.34821E+00
dy  = 1.33290E+00
*** defect info ***
r  =  8.35650E-01
h  =  2.59908E-01
