*** transform info ***
phi = 6.59788E+01
dx  = 1.22460E+00
dy  = -6.81153E-01
*** defect info ***
r  =  6.06921E-01
h  =  9.48067E-02
