*** transform info ***
phi = 8.50980E+01
dx  = -5.19548E+00
dy  = 2.14819E+00
*** defect info ***
r  =  4.56524E-01
h  =  3.46224E-01
