*** transform info ***
phi = 5.91706E+01
dx  = 1.43034E+00
dy  = -2.18601E+00
*** defect info ***
r  =  4.59931E-01
h  =  9.25460E-02
