*** transform info ***
phi = 7.76532E+01
dx  = -7.23889E+00
dy  = -4.73808E+00
*** defect info ***
r  =  1.17514E+00
h  =  1.22489E-01
