*** transform info ***
phi = 1.00558E+02
dx  = 6.56959E+00
dy  = 3.16529E+00
*** defect info ***
r  =  5.32831E-01
h  =  2.09733E-01
