*** transform info ***
phi = 1.40817E+02
dx  = -6.32029E+00
dy  = -8.08498E-01
*** defect info ***
r  =  6.65365E-01
h  =  2.08045E-01
