*** transform info ***
phi = 2.47389E+01
dx  = -4.37923E+00
dy  = -5.40555E-01
*** defect info ***
r  =  9.03141E-01
h  =  3.51624E-01
