*** transform info ***
phi = 1.20617E+02
dx  = -5.11610E+00
dy  = 8.44907E-01
*** defect info ***
r  =  6.72420E-01
h  =  3.03877E-01
