*** transform info ***
phi = 1.44981E+02
dx  = -4.59464E+00
dy  = 3.77083E+00
*** defect info ***
r  =  5.22423E-01
h  =  2.15812E-01
