*** transform info ***
phi = 1.47166E+02
dx  = -1.52968E-01
dy  = 3.62716E+00
*** defect info ***
r  =  2.82011E-01
h  =  1.92731E-01
