*** transform info ***
phi = 4.80600E+01
dx  = 2.76873E+00
dy  = -4.27656E+00
*** defect info ***
r  =  6.47757E-01
h  =  1.69584E-01
