*** transform info ***
phi = 8.19222E+01
dx  = -2.14292E+00
dy  = -2.70572E+00
*** defect info ***
r  =  6.87358E-01
h  =  1.00762E-01
