*** transform info ***
phi = 1.36944E+02
dx  = -2.84879E-01
dy  = -6.68833E+00
*** defect info ***
r  =  7.74932E-01
h  =  1.17043E-01
