*** transform info ***
phi = 9.64582E+01
dx  = -9.99200E-01
dy  = 9.86828E-02
*** defect info ***
r  =  5.99671E-01
h  =  1.60413E-01
