*** transform info ***
phi = 2.54412E+01
dx  = -2.47823E+00
dy  = -1.68628E+00
*** defect info ***
r  =  4.63093E-01
h  =  3.23682E-01
