*** transform info ***
phi = 1.06876E+02
dx  = 1.58980E+00
dy  = 3.75932E+00
*** defect info ***
r  =  1.94855E-01
h  =  1.11575E-01
