*** transform info ***
phi = 1.74617E+02
dx  = 3.35617E+00
dy  = 1.79113E+00
*** defect info ***
r  =  9.77184E-01
h  =  1.91722E-01
