*** transform info ***
phi = 9.77154E+01
dx  = 3.41349E+00
dy  = 3.54452E-01
*** defect info ***
r  =  9.69192E-01
h  =  2.24102E-01
