*** transform info ***
phi = 1.00195E+02
dx  = 5.47515E+00
dy  = -1.69174E-01
*** defect info ***
r  =  2.64375E-01
h  =  1.97218E-01
