*** transform info ***
phi = 1.64122E+02
dx  = 6.74359E-01
dy  = 2.17956E+00
*** defect info ***
r  =  4.62755E-01
h  =  3.25026E-01
