*** transform info ***
phi = 9.08763E+01
dx  = -8.07426E-01
dy  = 1.36735E+00
*** defect info ***
r  =  5.50931E-01
h  =  7.56095E-02
