*** transform info ***
phi = 1.55726E+02
dx  = -1.84995E+00
dy  = 6.55980E-01
*** defect info ***
r  =  9.17496E-01
h  =  1.96251E-01
