*** transform info ***
phi = 7.38064E+01
dx  = -1.53511E+00
dy  = 3.14125E+00
*** defect info ***
r  =  9.49647E-01
h  =  2.10314E-01
