*** transform info ***
phi = 6.44081E+01
dx  = 6.71819E+00
dy  = 3.82895E-01
*** defect info ***
r  =  6.86507E-01
h  =  2.94258E-01
