*** transform info ***
phi = 4.33828E+01
dx  = -6.09391E+00
dy  = -1.71773E-03
*** defect info ***
r  =  7.78168E-01
h  =  3.92367E-01
