*** transform info ***
phi = 9.06380E+01
dx  = 6.00301E+00
dy  = -4.28477E+00
*** defect info ***
r  =  4.16311E-01
h  =  1.41448E-01
