*** transform info ***
phi = 1.65777E+02
dx  = -2.16440E+00
dy  = -2.03092E+00
*** defect info ***
r  =  8.82775E-01
h  =  3.22152E-01
