*** transform info ***
phi = 1.56349E+02
dx  = 5.51545E+00
dy  = 5.57503E+00
*** defect info ***
r  =  1.01268E+00
h  =  2.93653E-01
