*** transform info ***
phi = 8.39912E+01
dx  = -8.44286E-01
dy  = -3.72264E+00
*** defect info ***
r  =  7.51596E-01
h  =  2.52285E-01
