*** transform info ***
phi = 8.76779E+01
dx  = 5.20947E+00
dy  = 7.85729E-01
*** defect info ***
r  =  8.27422E-01
h  =  3.07166E-01
