*** transform info ***
phi = 5.43363E+01
dx  = 6.95524E-01
dy  = 7.11463E-01
*** defect info ***
r  =  5.20131E-01
h  =  3.97969E-01
