*** transform info ***
phi = 1.54737E+02
dx  = 1.90205E+00
dy  = -1.31968E+00
*** defect info ***
r  =  4.83999E-01
h  =  1.56966E-01
