*** transform info ***
phi = 1.33121E+02
dx  = -1.89366E+00
dy  = -3.09826E+00
*** defect info ***
r  =  4.51896E-01
h  =  2.68032E-01
