*** transform info ***
phi = 1.70042E+02
dx  = 2.14388E+00
dy  = 4.26675E+00
*** defect info ***
r  =  1.31847E-01
h  =  1.49470E-01
