*** transform info ***
phi = 7.28711E+01
dx  = -7.97584E+00
dy  = -3.62351E+00
*** defect info ***
r  =  7.83617E-01
h  =  2.48305E-01
