*** transform info ***
phi = 1.36686E+02
dx  = -2.38621E+00
dy  = -1.53490E+00
*** defect info ***
r  =  7.21858E-01
h  =  2.66931E-01
