*** transform info ***
phi = 8.81681E+01
dx  = 4.38590E+00
dy  = -3.41339E+00
*** defect info ***
r  =  2.02334E-01
h  =  1.52163E-01
