*** transform info ***
phi = 1.32234E+02
dx  = -1.31725E+00
dy  = -4.37169E+00
*** defect info ***
r  =  6.25770E-01
h  =  3.47502E-01
