*** transform info ***
phi = 3.49593E+01
dx  = -9.65058E-01
dy  = 2.50177E+00
*** defect info ***
r  =  6.15910E-01
h  =  2.24142E-01
