*** transform info ***
phi = 8.89254E+01
dx  = -4.90358E+00
dy  = -3.51324E-01
*** defect info ***
r  =  7.12883E-01
h  =  1.88274E-01
