*** transform info ***
phi = 2.90471E+01
dx  = 1.45911E+00
dy  = -5.58538E-01
*** defect info ***
r  =  1.18358E+00
h  =  1.11928E-01
