*** transform info ***
phi = 8.50286E+01
dx  = -3.69552E+00
dy  = 1.74022E+00
*** defect info ***
r  =  5.63841E-01
h  =  3.07243E-01
