*** transform info ***
phi = 1.01909E+02
dx  = -4.36252E+00
dy  = -2.73652E+00
*** defect info ***
r  =  9.98599E-01
h  =  3.54797E-01
