*** transform info ***
phi = 4.74334E+01
dx  = -1.73601E+00
dy  = 6.63960E+00
*** defect info ***
r  =  9.56935E-01
h  =  2.85728E-01
