*** transform info ***
phi = 1.01073E+02
dx  = -4.32772E+00
dy  = 1.48233E+00
*** defect info ***
r  =  8.50199E-01
h  =  2.85997E-01
