*** transform info ***
phi = 1.36392E+02
dx  = 6.93967E+00
dy  = 1.33824E-01
*** defect info ***
r  =  1.14328E+00
h  =  2.36024E-01
