*** transform info ***
phi = 1.52394E+02
dx  = -5.92989E+00
dy  = -4.35746E+00
*** defect info ***
r  =  5.72260E-01
h  =  1.22588E-01
