*** transform info ***
phi = 9.06864E+01
dx  = -4.66673E+00
dy  = -7.28892E-01
*** defect info ***
r  =  1.18671E+00
h  =  2.22365E-01
