*** transform info ***
phi = 1.58121E+02
dx  = -6.15967E+00
dy  = 3.10094E+00
*** defect info ***
r  =  6.55529E-01
h  =  3.77634E-01
