*** transform info ***
phi = 1.07165E+02
dx  = 7.63315E+00
dy  = -1.22084E-02
*** defect info ***
r  =  5.33483E-01
h  =  6.40466E-02
