*** transform info ***
phi = 1.68388E+02
dx  = -3.52257E+00
dy  = 4.19863E+00
*** defect info ***
r  =  6.15447E-01
h  =  1.95906E-01
