*** transform info ***
phi = 5.78491E+01
dx  = -3.72305E-01
dy  = 1.16425E+00
*** defect info ***
r  =  1.19510E+00
h  =  3.87066E-01
