*** transform info ***
phi = 5.11366E+01
dx  = -6.96378E+00
dy  = 1.83133E+00
*** defect info ***
r  =  5.41437E-01
h  =  2.73606E-01
