*** transform info ***
phi = 1.54325E+02
dx  = -5.58578E+00
dy  = 3.40635E+00
*** defect info ***
r  =  5.24305E-01
h  =  3.26191E-01
