*** transform info ***
phi = 7.17240E+01
dx  = -3.13087E+00
dy  = 2.66816E+00
*** defect info ***
r  =  1.00125E+00
h  =  3.43982E-01
