*** transform info ***
phi = 1.84927E+01
dx  = -6.45749E+00
dy  = -2.06824E+00
*** defect info ***
r  =  9.58612E-01
h  =  1.44249E-01
