*** transform info ***
phi = 1.20419E+02
dx  = -4.84145E-01
dy  = 2.86099E+00
*** defect info ***
r  =  4.44671E-01
h  =  1.93651E-01
