*** transform info ***
phi = 1.74666E+02
dx  = 6.12844E+00
dy  = -1.79411E-01
*** defect info ***
r  =  8.67717E-01
h  =  2.87473E-01
