*** transform info ***
phi = 3.92994E+01
dx  = 4.61095E+00
dy  = 4.84035E-01
*** defect info ***
r  =  1.18683E+00
h  =  2.56987E-01
