*** transform info ***
phi = 4.82400E+01
dx  = 3.90707E+00
dy  = 2.84134E+00
*** defect info ***
r  =  4.76316E-01
h  =  1.80041E-01
