*** transform info ***
phi = 1.69145E+02
dx  = -3.11224E+00
dy  = -8.14134E-01
*** defect info ***
r  =  4.26641E-01
h  =  3.21993E-01
