*** transform info ***
phi = 1.00877E+00
dx  = -5.06777E+00
dy  = 5.57808E-01
*** defect info ***
r  =  1.04403E+00
h  =  2.99963E-01
