*** transform info ***
phi = 5.48514E+01
dx  = 3.77530E+00
dy  = 4.22951E+00
*** defect info ***
r  =  1.57386E-01
h  =  8.54970E-02
