*** transform info ***
phi = 5.47470E+01
dx  = -2.34241E+00
dy  = -6.87617E+00
*** defect info ***
r  =  5.71716E-01
h  =  3.95918E-01
