*** transform info ***
phi = 9.37512E+01
dx  = -5.35066E+00
dy  = -1.32477E+00
*** defect info ***
r  =  7.20253E-01
h  =  1.95015E-01
