*** transform info ***
phi = 1.38733E+02
dx  = 7.84892E-01
dy  = 5.85753E+00
*** defect info ***
r  =  4.33410E-01
h  =  2.00491E-01
