*** transform info ***
phi = 1.08710E+02
dx  = 4.96978E+00
dy  = 1.64815E+00
*** defect info ***
r  =  7.99106E-01
h  =  3.35996E-01
