*** transform info ***
phi = 1.78748E+02
dx  = 7.61009E+00
dy  = 3.56497E+00
*** defect info ***
r  =  9.16287E-01
h  =  2.61029E-01
