*** transform info ***
phi = 1.27347E+02
dx  = -4.86309E+00
dy  = 1.62149E+00
*** defect info ***
r  =  4.23440E-01
h  =  2.17708E-01
