*** transform info ***
phi = 1.54842E+02
dx  = 7.97142E+00
dy  = -3.32696E-01
*** defect info ***
r  =  1.12975E+00
h  =  1.81924E-01
