*** transform info ***
phi = 1.08531E+02
dx  = -3.61304E+00
dy  = -7.37612E-01
*** defect info ***
r  =  8.10797E-01
h  =  1.00892E-01
