*** transform info ***
phi = 6.18327E+01
dx  = -5.85490E+00
dy  = 3.26687E+00
*** defect info ***
r  =  7.11503E-01
h  =  1.69551E-01
