*** transform info ***
phi = 1.08472E+02
dx  = 1.36045E-01
dy  = 5.33751E-01
*** defect info ***
r  =  2.28302E-01
h  =  1.67033E-01
