*** transform info ***
phi = 1.93687E+01
dx  = -5.27674E+00
dy  = 1.34197E-01
*** defect info ***
r  =  6.09795E-01
h  =  3.92753E-01
