*** transform info ***
phi = 9.63662E+01
dx  = -6.29501E+00
dy  = -2.29135E+00
*** defect info ***
r  =  4.69642E-01
h  =  1.44060E-01
