*** transform info ***
phi = 8.76346E+01
dx  = -2.91477E+00
dy  = 7.86405E-01
*** defect info ***
r  =  7.54384E-01
h  =  6.33037E-02
