*** transform info ***
phi = 2.51464E+01
dx  = 7.11415E+00
dy  = 6.25814E-01
*** defect info ***
r  =  1.10954E+00
h  =  1.36727E-01
