*** transform info ***
phi = 6.13497E+01
dx  = 7.22161E+00
dy  = 2.25738E+00
*** defect info ***
r  =  9.66561E-01
h  =  2.91347E-01
