*** transform info ***
phi = 1.19378E+01
dx  = 5.42307E+00
dy  = 1.73268E+00
*** defect info ***
r  =  1.03485E+00
h  =  1.43857E-01
