*** transform info ***
phi = 9.98780E+01
dx  = -3.24831E+00
dy  = -1.45659E+00
*** defect info ***
r  =  4.08069E-01
h  =  1.17221E-01
