*** transform info ***
phi = 6.60550E+01
dx  = 7.17556E+00
dy  = 2.26124E+00
*** defect info ***
r  =  7.78499E-01
h  =  3.90988E-01
