*** transform info ***
phi = 1.65332E+02
dx  = -6.68754E+00
dy  = 3.98918E+00
*** defect info ***
r  =  1.60646E-01
h  =  1.55953E-01
