*** transform info ***
phi = 5.50505E+00
dx  = -2.09812E+00
dy  = -3.77331E+00
*** defect info ***
r  =  9.73747E-01
h  =  1.42851E-01
