*** transform info ***
phi = 1.00926E+02
dx  = 4.55655E+00
dy  = 1.68669E+00
*** defect info ***
r  =  1.14928E+00
h  =  1.47492E-01
