*** transform info ***
phi = 1.41914E+02
dx  = -4.06197E+00
dy  = 2.63597E+00
*** defect info ***
r  =  7.25232E-01
h  =  2.45303E-01
