*** transform info ***
phi = 1.55527E+02
dx  = -3.49735E+00
dy  = 1.67000E+00
*** defect info ***
r  =  9.76830E-01
h  =  1.43365E-01
