*** transform info ***
phi = 1.66117E+02
dx  = -5.29995E+00
dy  = 4.64074E+00
*** defect info ***
r  =  4.91049E-01
h  =  1.41833E-01
