*** transform info ***
phi = 4.34824E+01
dx  = -3.93732E+00
dy  = 2.95980E+00
*** defect info ***
r  =  4.08526E-01
h  =  1.01201E-01
