*** transform info ***
phi = 1.35913E+01
dx  = -5.31771E+00
dy  = 2.41451E+00
*** defect info ***
r  =  9.62679E-01
h  =  1.76337E-01
