*** transform info ***
phi = 1.78175E+01
dx  = 3.25553E+00
dy  = 1.48549E+00
*** defect info ***
r  =  5.28082E-01
h  =  1.63472E-01
