*** transform info ***
phi = 1.32327E+02
dx  = 9.48147E-01
dy  = -5.34543E+00
*** defect info ***
r  =  5.87242E-01
h  =  3.21660E-01
