*** transform info ***
phi = 9.23468E+01
dx  = 2.32520E+00
dy  = -4.64396E-01
*** defect info ***
r  =  6.81419E-01
h  =  1.93524E-01
