*** transform info ***
phi = 1.55374E+02
dx  = -5.42294E+00
dy  = 6.48878E+00
*** defect info ***
r  =  1.19476E-01
h  =  1.17767E-01
