*** transform info ***
phi = 1.47658E+02
dx  = 1.12046E-01
dy  = 3.69662E-01
*** defect info ***
r  =  8.68183E-01
h  =  1.46039E-01
