*** transform info ***
phi = 6.69051E+01
dx  = 4.70673E+00
dy  = 4.37367E+00
*** defect info ***
r  =  5.11001E-01
h  =  1.49139E-01
