*** transform info ***
phi = 1.42789E+02
dx  = 3.77889E+00
dy  = -5.42810E+00
*** defect info ***
r  =  9.99028E-01
h  =  2.94026E-01
