*** transform info ***
phi = 1.49797E+02
dx  = -1.60505E-01
dy  = 1.61715E-01
*** defect info ***
r  =  1.15699E+00
h  =  1.63690E-01
