*** transform info ***
phi = 1.60096E+01
dx  = -2.75217E+00
dy  = 2.46777E+00
*** defect info ***
r  =  1.16109E+00
h  =  3.16145E-01
