*** transform info ***
phi = 5.71097E+01
dx  = -4.50418E+00
dy  = -4.98159E+00
*** defect info ***
r  =  4.11377E-01
h  =  2.79111E-01
