*** transform info ***
phi = 6.42318E+01
dx  = -7.27093E+00
dy  = -9.84164E-01
*** defect info ***
r  =  4.90743E-01
h  =  1.86543E-01
