*** transform info ***
phi = 1.77493E+02
dx  = 7.69100E+00
dy  = 3.32734E+00
*** defect info ***
r  =  4.94619E-01
h  =  2.09465E-01
