*** transform info ***
phi = 8.53919E+01
dx  = 6.11858E+00
dy  = -3.00412E-01
*** defect info ***
r  =  7.14810E-01
h  =  2.56749E-01
