*** transform info ***
phi = 1.19594E+02
dx  = -2.62117E+00
dy  = -3.13781E-01
*** defect info ***
r  =  9.32812E-01
h  =  2.58066E-01
