*** transform info ***
phi = 1.76777E+02
dx  = -6.58381E+00
dy  = -1.22907E+00
*** defect info ***
r  =  1.03947E+00
h  =  3.77106E-01
