*** transform info ***
phi = 7.88889E+00
dx  = -6.72742E+00
dy  = 1.41271E+00
*** defect info ***
r  =  5.90750E-01
h  =  2.39113E-01
