*** transform info ***
phi = 1.49399E+02
dx  = 3.99971E+00
dy  = -8.19416E-01
*** defect info ***
r  =  5.36520E-01
h  =  3.71143E-01
