*** transform info ***
phi = 1.56324E+02
dx  = 2.44601E-01
dy  = -3.90037E+00
*** defect info ***
r  =  3.98028E-01
h  =  1.91278E-01
