*** transform info ***
phi = 2.51478E+01
dx  = -7.35674E+00
dy  = -8.11304E-01
*** defect info ***
r  =  3.50204E-01
h  =  1.22014E-01
