*** transform info ***
phi = 1.00326E+02
dx  = 4.01772E+00
dy  = 3.49986E+00
*** defect info ***
r  =  9.14947E-01
h  =  2.32298E-01
