*** transform info ***
phi = 4.32487E+01
dx  = -2.19820E+00
dy  = -2.16600E+00
*** defect info ***
r  =  7.91946E-01
h  =  9.87800E-02
