*** transform info ***
phi = 1.07997E+02
dx  = -1.60411E+00
dy  = 1.77791E+00
*** defect info ***
r  =  1.09675E+00
h  =  3.72716E-01
