*** transform info ***
phi = 1.47430E+02
dx  = 3.65017E+00
dy  = 5.19448E+00
*** defect info ***
r  =  3.70537E-01
h  =  1.72625E-01
