*** transform info ***
phi = 6.93475E+01
dx  = 4.63003E+00
dy  = -3.70727E+00
*** defect info ***
r  =  1.09982E+00
h  =  1.06592E-01
