*** transform info ***
phi = 8.96149E+01
dx  = 2.97922E+00
dy  = -4.61109E+00
*** defect info ***
r  =  1.15759E+00
h  =  3.27206E-01
