*** transform info ***
phi = 1.59541E+02
dx  = 6.49932E+00
dy  = -1.02548E+00
*** defect info ***
r  =  1.10254E+00
h  =  1.04766E-01
