*** transform info ***
phi = 9.85692E+01
dx  = -3.29885E+00
dy  = -2.15056E+00
*** defect info ***
r  =  9.53355E-01
h  =  2.44355E-01
