*** transform info ***
phi = 4.98026E+01
dx  = 3.11394E+00
dy  = -5.50986E+00
*** defect info ***
r  =  9.04226E-01
h  =  1.21498E-01
