*** transform info ***
phi = 5.81134E+01
dx  = -4.11546E+00
dy  = 1.66408E+00
*** defect info ***
r  =  8.50935E-01
h  =  1.94322E-01
