*** transform info ***
phi = 6.14131E+01
dx  = -2.87696E+00
dy  = -2.19686E+00
*** defect info ***
r  =  8.84855E-01
h  =  3.70096E-01
