*** transform info ***
phi = 1.40778E+02
dx  = -6.10705E+00
dy  = 1.57391E+00
*** defect info ***
r  =  1.15489E-01
h  =  1.47949E-01
