*** transform info ***
phi = 1.18717E+02
dx  = -3.33961E+00
dy  = 2.57828E+00
*** defect info ***
r  =  1.05931E+00
h  =  2.82540E-01
