*** transform info ***
phi = 7.02998E+01
dx  = -5.20904E+00
dy  = -1.45882E+00
*** defect info ***
r  =  5.50066E-01
h  =  1.96356E-01
