*** transform info ***
phi = 6.19438E+01
dx  = 4.10731E+00
dy  = -5.34522E-01
*** defect info ***
r  =  5.36255E-01
h  =  1.90125E-01
