*** transform info ***
phi = 1.37254E+02
dx  = 3.09914E+00
dy  = 1.35304E+00
*** defect info ***
r  =  7.24010E-01
h  =  3.29542E-01
