*** transform info ***
phi = 5.82563E+01
dx  = 2.18964E+00
dy  = 1.63899E+00
*** defect info ***
r  =  5.16820E-01
h  =  1.79536E-01
