*** transform info ***
phi = 1.41170E+02
dx  = 1.77953E+00
dy  = 6.75483E+00
*** defect info ***
r  =  6.63337E-01
h  =  3.86381E-01
