*** transform info ***
phi = 1.69651E+02
dx  = 5.02593E+00
dy  = -3.47024E+00
*** defect info ***
r  =  5.31224E-01
h  =  1.86467E-01
