*** transform info ***
phi = 1.09167E+02
dx  = 3.32597E+00
dy  = -2.92768E+00
*** defect info ***
r  =  1.10901E+00
h  =  2.17068E-01
