*** transform info ***
phi = 1.14453E+02
dx  = -1.84594E+00
dy  = 2.46405E+00
*** defect info ***
r  =  6.70151E-01
h  =  3.71014E-01
