*** transform info ***
phi = 1.35596E+02
dx  = -3.71493E-01
dy  = -3.60566E+00
*** defect info ***
r  =  5.68108E-01
h  =  3.08537E-01
