*** transform info ***
phi = 5.87612E+01
dx  = 2.96427E+00
dy  = -1.13962E+00
*** defect info ***
r  =  1.12521E+00
h  =  2.54020E-01
