*** transform info ***
phi = 7.98075E+01
dx  = -5.00735E+00
dy  = -4.55538E+00
*** defect info ***
r  =  1.01139E+00
h  =  1.23077E-01
