*** transform info ***
phi = 3.40772E+01
dx  = 2.76223E+00
dy  = -3.60540E+00
*** defect info ***
r  =  5.43289E-01
h  =  2.29441E-01
