*** transform info ***
phi = 3.41436E+01
dx  = 2.36075E+00
dy  = 1.60475E+00
*** defect info ***
r  =  5.62680E-01
h  =  1.45219E-01
