*** transform info ***
phi = 1.15457E+02
dx  = 2.27859E+00
dy  = -9.67993E-03
*** defect info ***
r  =  6.77403E-01
h  =  1.35408E-01
