*** transform info ***
phi = 1.53607E+02
dx  = 8.71717E-01
dy  = -2.44412E+00
*** defect info ***
r  =  7.54484E-01
h  =  2.55344E-01
