*** transform info ***
phi = 1.66316E+01
dx  = -4.29015E+00
dy  = 4.43562E-01
*** defect info ***
r  =  7.57298E-01
h  =  1.01720E-01
