*** transform info ***
phi = 5.77356E+01
dx  = -5.60574E+00
dy  = 3.51643E+00
*** defect info ***
r  =  7.08038E-01
h  =  1.02865E-01
