*** transform info ***
phi = 1.16605E+02
dx  = -7.28839E+00
dy  = 4.34104E-01
*** defect info ***
r  =  4.37089E-01
h  =  1.14559E-01
