*** transform info ***
phi = 1.40653E+02
dx  = -1.99231E+00
dy  = -2.99176E+00
*** defect info ***
r  =  6.98884E-01
h  =  3.38190E-01
