*** transform info ***
phi = 9.37273E+01
dx  = 1.31142E+00
dy  = 3.16738E+00
*** defect info ***
r  =  5.29741E-01
h  =  3.95014E-01
