*** transform info ***
phi = 1.11747E+02
dx  = -4.41298E+00
dy  = 2.41570E-01
*** defect info ***
r  =  6.49721E-01
h  =  1.98820E-01
