*** transform info ***
phi = 1.22747E+01
dx  = -7.45571E+00
dy  = 1.65807E+00
*** defect info ***
r  =  5.67904E-01
h  =  3.93883E-01
