*** transform info ***
phi = 1.11397E+02
dx  = -7.28838E-01
dy  = 2.05672E+00
*** defect info ***
r  =  9.18230E-01
h  =  1.93789E-01
