*** transform info ***
phi = 7.47444E+01
dx  = 3.81152E+00
dy  = -4.25460E-03
*** defect info ***
r  =  4.86205E-01
h  =  1.04932E-01
