*** transform info ***
phi = 4.04515E+00
dx  = 3.31059E+00
dy  = 1.78798E-01
*** defect info ***
r  =  5.91939E-01
h  =  3.15365E-01
