*** transform info ***
phi = 1.62022E+02
dx  = -1.38024E+00
dy  = 2.12821E+00
*** defect info ***
r  =  1.12625E+00
h  =  3.92119E-01
