*** transform info ***
phi = 1.11198E+01
dx  = -6.83716E+00
dy  = -1.59768E-01
*** defect info ***
r  =  1.03063E+00
h  =  2.71387E-01
