*** transform info ***
phi = 1.77189E+02
dx  = 6.96748E+00
dy  = -3.21115E-01
*** defect info ***
r  =  4.99196E-01
h  =  3.44078E-01
