*** transform info ***
phi = 1.75902E+02
dx  = -3.98789E+00
dy  = 1.88157E+00
*** defect info ***
r  =  9.04503E-01
h  =  2.33381E-01
