*** transform info ***
phi = 1.74778E+02
dx  = -4.23133E+00
dy  = 3.04183E+00
*** defect info ***
r  =  6.02790E-01
h  =  2.15269E-01
