*** transform info ***
phi = 5.86686E+01
dx  = 5.44312E+00
dy  = 3.90676E+00
*** defect info ***
r  =  5.22612E-01
h  =  3.63536E-01
