*** transform info ***
phi = 7.69356E+01
dx  = -6.51466E-01
dy  = 5.11131E-01
*** defect info ***
r  =  9.91423E-01
h  =  3.66850E-01
