*** transform info ***
phi = 1.42486E+02
dx  = 3.13615E+00
dy  = -5.95028E+00
*** defect info ***
r  =  5.68430E-01
h  =  3.79036E-01
