*** transform info ***
phi = 1.34128E+01
dx  = -7.03210E-01
dy  = -2.73511E+00
*** defect info ***
r  =  1.69304E-01
h  =  1.95859E-01
