*** transform info ***
phi = 1.41679E+02
dx  = 5.85607E-02
dy  = 4.21851E+00
*** defect info ***
r  =  4.08392E-01
h  =  1.97309E-01
