*** transform info ***
phi = 2.44034E+01
dx  = -2.78307E+00
dy  = 2.10022E+00
*** defect info ***
r  =  7.58551E-01
h  =  3.80018E-01
