*** transform info ***
phi = 1.10286E+02
dx  = 1.45032E+00
dy  = 3.19104E-01
*** defect info ***
r  =  5.17944E-01
h  =  1.28689E-01
