*** transform info ***
phi = 1.26333E+02
dx  = -7.56778E-01
dy  = 3.71456E+00
*** defect info ***
r  =  9.52790E-01
h  =  3.12369E-01
