*** transform info ***
phi = 1.76756E+02
dx  = -1.57221E+00
dy  = 3.88063E+00
*** defect info ***
r  =  4.79692E-01
h  =  1.82796E-01
