*** transform info ***
phi = 3.50592E+00
dx  = -2.79360E+00
dy  = -4.43257E+00
*** defect info ***
r  =  5.20720E-01
h  =  3.65930E-01
