*** transform info ***
phi = 1.61222E+02
dx  = 2.65089E+00
dy  = 4.60529E+00
*** defect info ***
r  =  6.41224E-01
h  =  1.37921E-01
