*** transform info ***
phi = 1.72868E+02
dx  = 2.93900E+00
dy  = 4.47910E+00
*** defect info ***
r  =  7.46931E-01
h  =  1.05550E-01
