*** transform info ***
phi = 6.50635E+01
dx  = -7.38399E+00
dy  = -9.64622E-01
*** defect info ***
r  =  1.19835E+00
h  =  3.24233E-01
