*** transform info ***
phi = 4.98065E+01
dx  = 5.00582E-01
dy  = 6.06740E+00
*** defect info ***
r  =  1.09133E+00
h  =  1.57028E-01
