*** transform info ***
phi = 1.72684E+02
dx  = -1.06398E+00
dy  = -6.72720E-01
*** defect info ***
r  =  4.16754E-01
h  =  7.83809E-02
