*** transform info ***
phi = 9.88855E+01
dx  = 9.59566E-01
dy  = -3.72963E+00
*** defect info ***
r  =  8.82499E-01
h  =  3.20303E-01
