*** transform info ***
phi = 4.25785E+01
dx  = -3.71306E-01
dy  = 1.29174E+00
*** defect info ***
r  =  7.42857E-01
h  =  1.99085E-01
