*** transform info ***
phi = 5.23002E+01
dx  = 2.54810E+00
dy  = 2.17116E+00
*** defect info ***
r  =  7.77154E-01
h  =  3.01868E-01
