*** transform info ***
phi = 1.72947E+02
dx  = -3.66307E+00
dy  = -1.49658E+00
*** defect info ***
r  =  1.14800E+00
h  =  1.96683E-01
