*** transform info ***
phi = 5.23792E+01
dx  = -3.66173E-02
dy  = -4.07059E+00
*** defect info ***
r  =  7.44974E-01
h  =  3.42120E-01
