*** transform info ***
phi = 6.25190E+01
dx  = 4.48171E-01
dy  = -1.90835E-01
*** defect info ***
r  =  5.75566E-01
h  =  1.07633E-01
