*** transform info ***
phi = 1.40653E+02
dx  = 7.56016E+00
dy  = 6.27660E-01
*** defect info ***
r  =  5.63845E-01
h  =  1.08201E-01
