*** transform info ***
phi = 9.15450E+01
dx  = -1.89158E+00
dy  = 1.15378E+00
*** defect info ***
r  =  9.70566E-01
h  =  2.26570E-01
