*** transform info ***
phi = 6.53087E+01
dx  = 2.21271E+00
dy  = -5.74174E-01
*** defect info ***
r  =  9.60059E-01
h  =  1.52578E-01
