*** transform info ***
phi = 6.65857E+01
dx  = 2.75242E+00
dy  = 4.77891E+00
*** defect info ***
r  =  8.75559E-01
h  =  1.33761E-01
