*** transform info ***
phi = 6.73688E+01
dx  = -7.81938E-02
dy  = -4.19189E+00
*** defect info ***
r  =  4.01388E-01
h  =  6.46470E-02
