*** transform info ***
phi = 3.34981E+00
dx  = -4.99068E+00
dy  = 3.45694E+00
*** defect info ***
r  =  7.86735E-01
h  =  2.66472E-01
