*** transform info ***
phi = 1.48751E+02
dx  = 5.75346E+00
dy  = 4.92706E+00
*** defect info ***
r  =  5.44156E-01
h  =  3.46688E-01
