*** transform info ***
phi = 1.13256E+02
dx  = 7.81218E+00
dy  = 4.63116E-01
*** defect info ***
r  =  5.19683E-01
h  =  1.05294E-01
