*** transform info ***
phi = 1.10955E+02
dx  = 3.08700E+00
dy  = 1.01728E+00
*** defect info ***
r  =  7.02608E-01
h  =  1.41869E-01
