*** transform info ***
phi = 5.35532E+01
dx  = -1.01345E+00
dy  = 5.40134E+00
*** defect info ***
r  =  7.67546E-01
h  =  1.69736E-01
