*** transform info ***
phi = 1.60000E+02
dx  = -4.43286E+00
dy  = -3.71339E+00
*** defect info ***
r  =  1.06035E+00
h  =  1.10433E-01
