*** transform info ***
phi = 1.73451E+02
dx  = 2.75089E+00
dy  = 2.73559E+00
*** defect info ***
r  =  3.89840E-01
h  =  1.02601E-01
