*** transform info ***
phi = 2.13862E+01
dx  = -5.68646E+00
dy  = 2.12565E+00
*** defect info ***
r  =  3.83811E-01
h  =  1.63972E-01
