*** transform info ***
phi = 1.30003E+02
dx  = -1.41041E-01
dy  = 4.03983E+00
*** defect info ***
r  =  7.89167E-01
h  =  1.96699E-01
