*** transform info ***
phi = 1.35767E+02
dx  = 3.03389E+00
dy  = 2.03612E+00
*** defect info ***
r  =  5.30837E-01
h  =  6.06020E-02
