*** transform info ***
phi = 1.11604E+02
dx  = -5.89536E+00
dy  = 1.73236E+00
*** defect info ***
r  =  7.95559E-01
h  =  1.00506E-01
