*** transform info ***
phi = 1.40059E+02
dx  = 3.97947E+00
dy  = 1.94522E+00
*** defect info ***
r  =  4.51367E-01
h  =  1.67812E-01
