*** transform info ***
phi = 1.57457E+02
dx  = 5.51687E+00
dy  = -3.97527E+00
*** defect info ***
r  =  3.22045E-01
h  =  8.44306E-02
