*** transform info ***
phi = 5.85159E+01
dx  = 5.70836E-01
dy  = -1.24108E+00
*** defect info ***
r  =  4.72347E-01
h  =  1.72829E-01
