*** transform info ***
phi = 8.30399E+01
dx  = -2.23950E+00
dy  = -1.89234E+00
*** defect info ***
r  =  6.56293E-01
h  =  5.72326E-02
