*** transform info ***
phi = 1.06983E+02
dx  = -2.21773E+00
dy  = -3.15196E+00
*** defect info ***
r  =  7.69629E-01
h  =  1.93249E-01
