*** transform info ***
phi = 3.64464E+01
dx  = 3.49470E+00
dy  = 1.47794E+00
*** defect info ***
r  =  4.63790E-01
h  =  1.00233E-01
