*** transform info ***
phi = 6.46068E+01
dx  = -4.07577E+00
dy  = 1.05853E+00
*** defect info ***
r  =  1.85198E-01
h  =  9.62853E-02
