*** transform info ***
phi = 1.04268E+02
dx  = 7.81130E-01
dy  = 2.32010E+00
*** defect info ***
r  =  4.04471E-01
h  =  1.13541E-01
