*** transform info ***
phi = 1.79543E+02
dx  = -4.59681E+00
dy  = 2.04656E+00
*** defect info ***
r  =  2.76649E-01
h  =  1.19750E-01
