*** transform info ***
phi = 1.10245E+02
dx  = -3.05064E+00
dy  = 1.19308E+00
*** defect info ***
r  =  2.96972E-01
h  =  6.26929E-02
