*** transform info ***
phi = 4.12596E+01
dx  = -4.73421E+00
dy  = -2.15433E+00
*** defect info ***
r  =  3.29471E-01
h  =  1.01964E-01
