*** transform info ***
phi = 5.12749E+01
dx  = 2.10156E+00
dy  = -1.18315E+00
*** defect info ***
r  =  4.24986E-01
h  =  1.74705E-01
