*** transform info ***
phi = 5.43978E+01
dx  = -7.56389E+00
dy  = -7.16000E-01
*** defect info ***
r  =  3.72157E-01
h  =  1.96809E-01
