*** transform info ***
phi = 8.11976E+01
dx  = 3.45976E+00
dy  = -3.72006E+00
*** defect info ***
r  =  7.91528E-01
h  =  1.74253E-01
