*** transform info ***
phi = 2.28624E+01
dx  = -3.86129E-01
dy  = 3.65165E+00
*** defect info ***
r  =  7.79482E-01
h  =  9.76026E-02
