*** transform info ***
phi = 1.47413E+02
dx  = 6.60060E+00
dy  = -3.33102E-01
*** defect info ***
r  =  5.99665E-01
h  =  5.45835E-02
