*** transform info ***
phi = 8.07441E+01
dx  = 7.27676E+00
dy  = -1.35992E+00
*** defect info ***
r  =  7.70637E-01
h  =  5.34771E-02
