*** transform info ***
phi = 1.65274E+02
dx  = -7.57269E+00
dy  = -5.31560E+00
*** defect info ***
r  =  4.00793E-01
h  =  7.83572E-02
