*** transform info ***
phi = 9.75134E+01
dx  = -4.48876E+00
dy  = 2.69842E+00
*** defect info ***
r  =  1.35597E-01
h  =  1.79808E-01
