*** transform info ***
phi = 1.72875E+02
dx  = -1.70416E+00
dy  = -6.07993E-01
*** defect info ***
r  =  2.77006E-01
h  =  7.60063E-02
