*** transform info ***
phi = 1.70357E+02
dx  = -5.11090E+00
dy  = -5.30145E-01
*** defect info ***
r  =  2.62210E-01
h  =  5.84933E-02
