*** transform info ***
phi = 6.27739E+01
dx  = -4.57508E+00
dy  = -1.87030E+00
*** defect info ***
r  =  4.32161E-01
h  =  1.78458E-01
