*** transform info ***
phi = 1.52293E+02
dx  = 1.29578E+00
dy  = 2.46628E-01
*** defect info ***
r  =  7.05048E-01
h  =  1.19298E-01
