*** transform info ***
phi = 1.40592E+02
dx  = -1.57184E+00
dy  = 3.02039E+00
*** defect info ***
r  =  4.06526E-01
h  =  1.19003E-01
