*** transform info ***
phi = 3.07398E+00
dx  = 6.86014E+00
dy  = 3.49221E+00
*** defect info ***
r  =  1.58560E-01
h  =  1.26280E-01
