*** transform info ***
phi = 1.38081E+02
dx  = -2.34512E+00
dy  = 3.05130E+00
*** defect info ***
r  =  3.87923E-01
h  =  1.23003E-01
