*** transform info ***
phi = 1.02846E+02
dx  = -3.55195E+00
dy  = -1.04401E+00
*** defect info ***
r  =  1.36170E-01
h  =  1.10112E-01
