*** transform info ***
phi = 3.01501E+01
dx  = 2.68212E+00
dy  = 3.12992E+00
*** defect info ***
r  =  5.73767E-01
h  =  1.44748E-01
