*** transform info ***
phi = 8.13227E+00
dx  = 7.05315E+00
dy  = 2.57759E+00
*** defect info ***
r  =  6.43672E-01
h  =  7.96921E-02
