*** transform info ***
phi = 8.72256E+01
dx  = 7.21311E+00
dy  = -3.78520E+00
*** defect info ***
r  =  4.24545E-01
h  =  1.25923E-01
