*** transform info ***
phi = 9.99903E+01
dx  = -3.66476E+00
dy  = -1.01648E+00
*** defect info ***
r  =  3.89109E-01
h  =  1.74527E-01
