*** transform info ***
phi = 1.54744E+02
dx  = 5.82608E-01
dy  = 8.31180E-01
*** defect info ***
r  =  2.51720E-01
h  =  1.87263E-01
