*** transform info ***
phi = 8.88153E+01
dx  = 4.56617E-01
dy  = -4.66157E-01
*** defect info ***
r  =  4.53079E-01
h  =  1.79300E-01
