*** transform info ***
phi = 4.29200E+01
dx  = -6.40649E+00
dy  = 8.38250E-01
*** defect info ***
r  =  3.45195E-01
h  =  1.09273E-01
