*** transform info ***
phi = 1.56694E+02
dx  = 7.08468E+00
dy  = -4.61645E+00
*** defect info ***
r  =  1.05870E-01
h  =  5.25509E-02
