*** transform info ***
phi = 8.95178E+01
dx  = -2.77667E-02
dy  = 2.01523E+00
*** defect info ***
r  =  4.98141E-01
h  =  8.09862E-02
