*** transform info ***
phi = 9.39981E+01
dx  = -5.87331E+00
dy  = 8.69976E-02
*** defect info ***
r  =  2.63904E-01
h  =  1.03398E-01
