*** transform info ***
phi = 6.15476E+01
dx  = -6.29994E-01
dy  = -1.45548E+00
*** defect info ***
r  =  5.05718E-01
h  =  1.71558E-01
