*** transform info ***
phi = 1.57447E+02
dx  = 6.13434E+00
dy  = -4.30638E+00
*** defect info ***
r  =  3.22799E-01
h  =  1.21119E-01
