*** transform info ***
phi = 5.95455E+01
dx  = -4.80497E+00
dy  = -2.11849E+00
*** defect info ***
r  =  1.04358E-01
h  =  1.31388E-01
