*** transform info ***
phi = 5.73052E+01
dx  = -2.74951E+00
dy  = -4.30296E+00
*** defect info ***
r  =  6.06559E-01
h  =  1.23829E-01
