*** transform info ***
phi = 1.21715E+02
dx  = -3.04962E-01
dy  = -3.26233E+00
*** defect info ***
r  =  4.25314E-01
h  =  1.15495E-01
