*** transform info ***
phi = 1.60174E+02
dx  = -7.19863E+00
dy  = 3.01142E+00
*** defect info ***
r  =  3.83188E-01
h  =  5.53934E-02
