*** transform info ***
phi = 9.37210E+01
dx  = 5.39203E+00
dy  = -4.46316E-02
*** defect info ***
r  =  7.59500E-01
h  =  1.62097E-01
