*** transform info ***
phi = 7.76229E+01
dx  = -1.92930E+00
dy  = -4.42970E+00
*** defect info ***
r  =  2.17499E-01
h  =  1.22607E-01
