*** transform info ***
phi = 8.06471E+01
dx  = 6.05280E+00
dy  = -3.84244E+00
*** defect info ***
r  =  6.46567E-01
h  =  1.93713E-01
