*** transform info ***
phi = 1.79684E+01
dx  = 3.77863E+00
dy  = -1.51475E-01
*** defect info ***
r  =  5.73949E-01
h  =  6.67599E-02
