*** transform info ***
phi = 7.98827E+01
dx  = 1.21691E+00
dy  = 1.93205E+00
*** defect info ***
r  =  5.84485E-01
h  =  1.65442E-01
