*** transform info ***
phi = 1.00507E+02
dx  = -2.28861E+00
dy  = 2.47208E+00
*** defect info ***
r  =  6.76961E-01
h  =  1.90127E-01
