*** transform info ***
phi = 1.51479E+02
dx  = 3.18567E+00
dy  = 6.05764E+00
*** defect info ***
r  =  4.47722E-01
h  =  1.32344E-01
