*** transform info ***
phi = 1.69701E+02
dx  = 3.55180E+00
dy  = 4.12892E+00
*** defect info ***
r  =  5.96225E-01
h  =  1.82135E-01
