*** transform info ***
phi = 4.79500E+01
dx  = -1.28409E+00
dy  = -4.14140E+00
*** defect info ***
r  =  6.49517E-01
h  =  1.24992E-01
