*** transform info ***
phi = 6.46653E+01
dx  = 7.27123E+00
dy  = 5.79090E+00
*** defect info ***
r  =  3.40853E-01
h  =  1.66211E-01
