*** transform info ***
phi = 6.44416E+01
dx  = 2.87266E-01
dy  = 2.79678E+00
*** defect info ***
r  =  7.09151E-01
h  =  5.30117E-02
