*** transform info ***
phi = 1.89160E+01
dx  = 4.72923E+00
dy  = -2.27936E-01
*** defect info ***
r  =  4.40986E-01
h  =  1.46250E-01
