*** transform info ***
phi = 1.66908E+02
dx  = -4.80868E+00
dy  = -5.25360E+00
*** defect info ***
r  =  4.87251E-01
h  =  1.82000E-01
