*** transform info ***
phi = 1.51085E+02
dx  = 4.83849E+00
dy  = -8.38115E-01
*** defect info ***
r  =  2.42099E-01
h  =  1.62493E-01
