*** transform info ***
phi = 5.86709E+01
dx  = 4.26087E+00
dy  = -3.25506E+00
*** defect info ***
r  =  5.66231E-01
h  =  1.25959E-01
