*** transform info ***
phi = 8.89736E+01
dx  = 4.55507E+00
dy  = -2.51271E-01
*** defect info ***
r  =  5.27402E-01
h  =  5.44436E-02
