*** transform info ***
phi = 2.97736E+01
dx  = 8.56267E-01
dy  = 4.20505E+00
*** defect info ***
r  =  4.82459E-01
h  =  1.52069E-01
