*** transform info ***
phi = 1.49727E+02
dx  = -6.12756E+00
dy  = 1.20614E+00
*** defect info ***
r  =  4.53911E-01
h  =  1.32077E-01
