*** transform info ***
phi = 1.18695E+01
dx  = 2.36287E+00
dy  = 2.22981E+00
*** defect info ***
r  =  2.20590E-01
h  =  1.88812E-01
