*** transform info ***
phi = 1.40021E+02
dx  = 3.28553E+00
dy  = -6.96839E-01
*** defect info ***
r  =  1.47401E-01
h  =  1.59526E-01
