*** transform info ***
phi = 1.08282E+02
dx  = -4.35262E+00
dy  = 1.21049E-02
*** defect info ***
r  =  4.59643E-01
h  =  9.56500E-02
