*** transform info ***
phi = 5.47980E+01
dx  = -5.80216E-01
dy  = -6.07351E+00
*** defect info ***
r  =  2.53440E-01
h  =  1.35722E-01
