*** transform info ***
phi = 1.48319E+02
dx  = 2.08342E+00
dy  = -4.38731E+00
*** defect info ***
r  =  2.23570E-01
h  =  1.28820E-01
