*** transform info ***
phi = 1.41553E+02
dx  = 1.18908E+00
dy  = 3.75242E+00
*** defect info ***
r  =  6.44362E-01
h  =  1.94381E-01
