*** transform info ***
phi = 2.07045E+01
dx  = -3.84090E+00
dy  = -1.43459E+00
*** defect info ***
r  =  3.81931E-01
h  =  7.43312E-02
