*** transform info ***
phi = 6.37571E+01
dx  = 6.55698E+00
dy  = 2.93293E+00
*** defect info ***
r  =  6.57319E-01
h  =  1.26718E-01
