*** transform info ***
phi = 5.56524E+01
dx  = -6.70388E+00
dy  = 1.25636E+00
*** defect info ***
r  =  6.50308E-01
h  =  1.70160E-01
