*** transform info ***
phi = 7.25353E+01
dx  = 5.56853E+00
dy  = -5.40885E+00
*** defect info ***
r  =  1.68135E-01
h  =  1.34289E-01
