*** transform info ***
phi = 1.02429E+00
dx  = -9.49541E-01
dy  = 1.69581E+00
*** defect info ***
r  =  3.60840E-01
h  =  1.20228E-01
