*** transform info ***
phi = 9.12294E+01
dx  = 7.39322E+00
dy  = 4.63823E+00
*** defect info ***
r  =  5.21430E-01
h  =  1.12207E-01
