*** transform info ***
phi = 7.59048E+01
dx  = -7.37732E+00
dy  = 1.78928E+00
*** defect info ***
r  =  3.95954E-01
h  =  7.80579E-02
