*** transform info ***
phi = 7.88178E+01
dx  = -4.96174E+00
dy  = -1.15243E-01
*** defect info ***
r  =  2.19501E-01
h  =  1.41337E-01
