*** transform info ***
phi = 7.77397E+01
dx  = 7.63686E+00
dy  = -1.11032E-01
*** defect info ***
r  =  1.13361E-01
h  =  8.90076E-02
