*** transform info ***
phi = 7.40213E+01
dx  = -6.78187E+00
dy  = -3.89967E+00
*** defect info ***
r  =  3.93178E-01
h  =  1.25349E-01
