*** transform info ***
phi = 1.50934E+02
dx  = 7.07663E-01
dy  = -5.38598E-02
*** defect info ***
r  =  3.54666E-01
h  =  1.90098E-01
