*** transform info ***
phi = 6.37639E+01
dx  = 5.69343E+00
dy  = -6.07054E+00
*** defect info ***
r  =  3.69587E-01
h  =  1.33308E-01
