*** transform info ***
phi = 3.83371E+01
dx  = 4.98234E+00
dy  = 1.37866E+00
*** defect info ***
r  =  3.48582E-01
h  =  1.90405E-01
