*** transform info ***
phi = 9.11390E+01
dx  = 2.32106E+00
dy  = 9.70489E-01
*** defect info ***
r  =  2.62816E-01
h  =  1.77036E-01
