*** transform info ***
phi = 8.43928E+01
dx  = 4.51655E+00
dy  = 3.90115E+00
*** defect info ***
r  =  1.50793E-01
h  =  1.54963E-01
