*** transform info ***
phi = 1.36460E+01
dx  = -1.27469E+00
dy  = -1.96358E+00
*** defect info ***
r  =  1.41270E-01
h  =  9.11817E-02
