*** transform info ***
phi = 1.38903E+01
dx  = 6.99117E+00
dy  = 5.42608E-01
*** defect info ***
r  =  6.45677E-01
h  =  5.28661E-02
