*** transform info ***
phi = 1.06731E+02
dx  = 1.20938E+00
dy  = 3.65535E+00
*** defect info ***
r  =  4.50665E-01
h  =  6.44724E-02
