*** transform info ***
phi = 1.54857E+02
dx  = -4.50191E+00
dy  = 4.83239E+00
*** defect info ***
r  =  5.38817E-01
h  =  7.45248E-02
