*** transform info ***
phi = 5.10189E+01
dx  = -2.84373E+00
dy  = -1.41554E+00
*** defect info ***
r  =  6.62687E-01
h  =  1.90645E-01
