*** transform info ***
phi = 4.18788E+01
dx  = 1.29105E+00
dy  = -5.73042E+00
*** defect info ***
r  =  1.02517E-01
h  =  1.49766E-01
