*** transform info ***
phi = 9.07649E+01
dx  = 4.27875E+00
dy  = -3.29872E+00
*** defect info ***
r  =  7.21122E-01
h  =  6.15773E-02
