*** transform info ***
phi = 7.16422E+01
dx  = -4.88161E+00
dy  = -4.05477E+00
*** defect info ***
r  =  5.54344E-01
h  =  1.27428E-01
