*** transform info ***
phi = 1.72653E+02
dx  = 7.44034E+00
dy  = 2.84019E+00
*** defect info ***
r  =  5.24363E-01
h  =  1.08198E-01
