*** transform info ***
phi = 7.50370E+01
dx  = -2.60344E+00
dy  = 2.26410E+00
*** defect info ***
r  =  6.66250E-01
h  =  1.38780E-01
