*** transform info ***
phi = 1.71867E-01
dx  = 2.08124E+00
dy  = 3.57739E+00
*** defect info ***
r  =  2.34108E-01
h  =  1.03649E-01
