*** transform info ***
phi = 6.06404E+01
dx  = -3.12500E+00
dy  = -1.38725E+00
*** defect info ***
r  =  7.17745E-01
h  =  7.72954E-02
