*** transform info ***
phi = 1.79444E+02
dx  = -2.27992E-01
dy  = 3.88551E+00
*** defect info ***
r  =  2.25226E-01
h  =  8.17196E-02
