*** transform info ***
phi = 1.52775E+02
dx  = -3.38125E+00
dy  = 1.51638E+00
*** defect info ***
r  =  7.82791E-01
h  =  1.40241E-01
