*** transform info ***
phi = 8.61479E+01
dx  = -3.16811E+00
dy  = 4.59348E+00
*** defect info ***
r  =  6.10680E-01
h  =  1.59325E-01
