*** transform info ***
phi = 2.81096E+00
dx  = 7.24665E-01
dy  = -1.93552E+00
*** defect info ***
r  =  2.39644E-01
h  =  1.48857E-01
