*** transform info ***
phi = 1.25973E+02
dx  = -1.24939E-01
dy  = -2.68955E+00
*** defect info ***
r  =  2.29261E-01
h  =  1.75252E-01
