*** transform info ***
phi = 1.43127E+02
dx  = -3.20862E+00
dy  = -2.25251E+00
*** defect info ***
r  =  7.25081E-01
h  =  9.77692E-02
