*** transform info ***
phi = 4.58951E+01
dx  = -2.74138E+00
dy  = -2.69966E+00
*** defect info ***
r  =  1.59135E-01
h  =  7.98644E-02
