*** transform info ***
phi = 1.75872E+02
dx  = 3.08091E+00
dy  = 2.41933E+00
*** defect info ***
r  =  7.66493E-01
h  =  1.15011E-01
