*** transform info ***
phi = 1.69382E+02
dx  = 2.65052E-02
dy  = 3.46202E+00
*** defect info ***
r  =  5.38716E-01
h  =  1.44830E-01
