*** transform info ***
phi = 3.07590E+01
dx  = 6.48850E+00
dy  = -4.20311E-01
*** defect info ***
r  =  4.17264E-01
h  =  1.21287E-01
