*** transform info ***
phi = 7.72208E+01
dx  = 5.13226E-01
dy  = -1.04967E+00
*** defect info ***
r  =  4.12409E-01
h  =  8.38195E-02
