*** transform info ***
phi = 4.03425E+01
dx  = -2.44672E+00
dy  = -4.34908E+00
*** defect info ***
r  =  3.12298E-01
h  =  1.18298E-01
