*** transform info ***
phi = 1.19964E+02
dx  = -3.89777E+00
dy  = 1.94208E+00
*** defect info ***
r  =  7.98238E-01
h  =  5.28121E-02
