*** transform info ***
phi = 9.62433E+01
dx  = 5.56119E+00
dy  = -3.21610E+00
*** defect info ***
r  =  2.48762E-01
h  =  7.21686E-02
