*** transform info ***
phi = 1.51250E+02
dx  = -5.94625E+00
dy  = -6.45844E+00
*** defect info ***
r  =  3.72977E-01
h  =  1.28576E-01
