*** transform info ***
phi = 6.38785E+01
dx  = 4.35983E+00
dy  = 4.47835E+00
*** defect info ***
r  =  1.98155E-01
h  =  9.40699E-02
