*** transform info ***
phi = 1.36371E+02
dx  = -6.45650E+00
dy  = 9.55881E-02
*** defect info ***
r  =  6.49795E-01
h  =  7.09761E-02
