*** transform info ***
phi = 7.14236E+01
dx  = 1.28800E+00
dy  = -5.47120E-01
*** defect info ***
r  =  6.32708E-01
h  =  8.91601E-02
