*** transform info ***
phi = 4.90045E+01
dx  = -5.24590E+00
dy  = 1.21568E+00
*** defect info ***
r  =  5.36076E-01
h  =  8.53000E-02
