*** transform info ***
phi = 6.27841E+01
dx  = -5.82117E+00
dy  = 1.29171E+00
*** defect info ***
r  =  5.40077E-01
h  =  1.31457E-01
