*** transform info ***
phi = 5.79888E+01
dx  = -1.37042E+00
dy  = -2.44679E+00
*** defect info ***
r  =  4.74019E-01
h  =  1.36983E-01
