*** transform info ***
phi = 3.07219E+01
dx  = 4.38894E+00
dy  = 3.09949E-01
*** defect info ***
r  =  1.10706E-01
h  =  1.86645E-01
