*** transform info ***
phi = 2.20906E+01
dx  = -6.53746E+00
dy  = -1.12001E+00
*** defect info ***
r  =  4.99911E-01
h  =  1.83186E-01
