*** transform info ***
phi = 1.27228E+02
dx  = 1.29341E+00
dy  = 3.99040E+00
*** defect info ***
r  =  2.75877E-01
h  =  1.06791E-01
