*** transform info ***
phi = 1.57444E+02
dx  = 6.14781E+00
dy  = 9.11786E-01
*** defect info ***
r  =  4.43348E-01
h  =  7.69805E-02
