*** transform info ***
phi = 1.34976E+01
dx  = 1.22216E+00
dy  = -5.35442E-01
*** defect info ***
r  =  1.82489E-01
h  =  1.33738E-01
