*** transform info ***
phi = 6.35554E+01
dx  = -4.33608E-01
dy  = -1.15471E+00
*** defect info ***
r  =  5.53594E-01
h  =  1.03903E-01
