*** transform info ***
phi = 9.17811E+01
dx  = 4.38188E+00
dy  = 3.16401E+00
*** defect info ***
r  =  4.44903E-01
h  =  1.82959E-01
