*** transform info ***
phi = 5.94575E+01
dx  = -6.40712E+00
dy  = 3.97603E+00
*** defect info ***
r  =  4.77808E-01
h  =  1.47180E-01
