*** transform info ***
phi = 5.14850E+01
dx  = 1.02825E+00
dy  = 5.05909E+00
*** defect info ***
r  =  5.77567E-01
h  =  1.52389E-01
