*** transform info ***
phi = 5.04119E+01
dx  = -5.97183E+00
dy  = -2.99975E+00
*** defect info ***
r  =  7.63922E-01
h  =  7.29932E-02
