*** transform info ***
phi = 1.51154E+02
dx  = 2.39302E+00
dy  = -3.12903E+00
*** defect info ***
r  =  3.04036E-01
h  =  1.49606E-01
