*** transform info ***
phi = 7.41103E+01
dx  = 3.32187E+00
dy  = -4.54213E+00
*** defect info ***
r  =  1.21284E-01
h  =  1.02928E-01
