*** transform info ***
phi = 1.67088E+02
dx  = 5.39338E+00
dy  = -5.26926E+00
*** defect info ***
r  =  4.95812E-01
h  =  1.71133E-01
