*** transform info ***
phi = 5.53844E+01
dx  = 4.46478E-01
dy  = 4.55931E+00
*** defect info ***
r  =  1.19368E-01
h  =  1.91779E-01
