*** transform info ***
phi = 3.83923E+01
dx  = 8.93023E-01
dy  = -5.63894E+00
*** defect info ***
r  =  5.53496E-01
h  =  6.96178E-02
