*** transform info ***
phi = 1.59012E+02
dx  = -7.33139E+00
dy  = 8.32338E-02
*** defect info ***
r  =  5.70088E-01
h  =  1.00556E-01
