*** transform info ***
phi = 1.30875E+00
dx  = -6.31449E+00
dy  = 9.11383E-01
*** defect info ***
r  =  6.41660E-01
h  =  1.43415E-01
