*** transform info ***
phi = 2.70340E+01
dx  = 2.91231E+00
dy  = 2.93486E-01
*** defect info ***
r  =  3.29002E-01
h  =  1.07165E-01
