*** transform info ***
phi = 1.49368E+02
dx  = -2.56196E+00
dy  = -1.16390E+00
*** defect info ***
r  =  2.70287E-01
h  =  6.05192E-02
