*** transform info ***
phi = 3.82837E+01
dx  = 4.34014E+00
dy  = -1.62431E+00
*** defect info ***
r  =  3.50867E-01
h  =  5.01821E-02
