*** transform info ***
phi = 1.21850E+02
dx  = 3.77166E+00
dy  = -2.25706E+00
*** defect info ***
r  =  1.36967E-01
h  =  1.61865E-01
