*** transform info ***
phi = 8.28642E+01
dx  = -4.68865E+00
dy  = 3.49078E+00
*** defect info ***
r  =  4.65044E-01
h  =  1.95640E-01
