*** transform info ***
phi = 6.54352E+01
dx  = -2.28149E+00
dy  = 2.14901E+00
*** defect info ***
r  =  6.50070E-01
h  =  8.98734E-02
