*** transform info ***
phi = 1.14362E+02
dx  = -4.53526E+00
dy  = 1.59097E+00
*** defect info ***
r  =  5.43553E-01
h  =  1.44154E-01
