*** transform info ***
phi = 1.44934E+01
dx  = 2.82058E+00
dy  = -3.59704E+00
*** defect info ***
r  =  7.88838E-01
h  =  8.21777E-02
