*** transform info ***
phi = 1.55806E+02
dx  = 2.08762E+00
dy  = -3.98131E+00
*** defect info ***
r  =  6.76444E-01
h  =  8.92391E-02
