*** transform info ***
phi = 5.32340E+01
dx  = 4.09458E+00
dy  = -3.82032E+00
*** defect info ***
r  =  2.82323E-01
h  =  1.05637E-01
