*** transform info ***
phi = 1.27477E+02
dx  = 1.65556E+00
dy  = -3.77263E+00
*** defect info ***
r  =  1.37821E-01
h  =  1.99800E-01
