*** transform info ***
phi = 1.49592E+02
dx  = -7.37992E+00
dy  = -3.16186E+00
*** defect info ***
r  =  1.70502E-01
h  =  6.34379E-02
