*** transform info ***
phi = 8.39218E+01
dx  = 8.05866E-02
dy  = 4.43469E+00
*** defect info ***
r  =  6.58759E-01
h  =  1.79828E-01
