*** transform info ***
phi = 1.02134E+02
dx  = 2.70193E-01
dy  = 3.92908E+00
*** defect info ***
r  =  6.37170E-01
h  =  1.33905E-01
