*** transform info ***
phi = 8.84686E+01
dx  = 6.30967E+00
dy  = -4.20206E+00
*** defect info ***
r  =  7.43051E-01
h  =  5.37518E-02
