*** transform info ***
phi = 9.77496E+01
dx  = -2.60784E-01
dy  = -1.47337E+00
*** defect info ***
r  =  1.86369E-01
h  =  7.39709E-02
