*** transform info ***
phi = 1.03846E+02
dx  = -4.09979E+00
dy  = -3.23809E+00
*** defect info ***
r  =  1.17746E-01
h  =  1.15584E-01
