*** transform info ***
phi = 1.41239E+02
dx  = -2.34831E+00
dy  = 5.63975E+00
*** defect info ***
r  =  2.46631E-01
h  =  7.95976E-02
