*** transform info ***
phi = 8.72647E+01
dx  = 5.12491E-01
dy  = -1.22660E+00
*** defect info ***
r  =  2.30683E-01
h  =  1.67608E-01
