*** transform info ***
phi = 1.54216E+01
dx  = -4.27034E+00
dy  = 2.53012E+00
*** defect info ***
r  =  4.96676E-01
h  =  1.49166E-01
