*** transform info ***
phi = 1.34346E+02
dx  = -5.11955E+00
dy  = 1.81862E+00
*** defect info ***
r  =  6.46030E-01
h  =  1.60681E-01
