*** transform info ***
phi = 4.83859E+01
dx  = -3.90812E+00
dy  = -4.54467E+00
*** defect info ***
r  =  2.42958E-01
h  =  1.48914E-01
