*** transform info ***
phi = 1.25554E+02
dx  = -4.70950E+00
dy  = 5.68543E-01
*** defect info ***
r  =  3.75160E-01
h  =  5.29856E-02
