*** transform info ***
phi = 1.50170E+02
dx  = 3.68773E+00
dy  = -4.11963E+00
*** defect info ***
r  =  5.05620E-01
h  =  1.87074E-01
