*** transform info ***
phi = 5.14145E+01
dx  = -1.75196E+00
dy  = -2.59508E+00
*** defect info ***
r  =  1.25447E-01
h  =  1.86293E-01
