*** transform info ***
phi = 9.57054E+01
dx  = 7.20150E+00
dy  = -3.17601E+00
*** defect info ***
r  =  6.67225E-01
h  =  1.85368E-01
