*** transform info ***
phi = 1.54919E+02
dx  = 2.22883E+00
dy  = 4.59115E+00
*** defect info ***
r  =  4.12981E-01
h  =  8.33242E-02
