*** transform info ***
phi = 1.24778E+02
dx  = 1.01716E-02
dy  = 4.30229E+00
*** defect info ***
r  =  6.26457E-01
h  =  1.45589E-01
