*** transform info ***
phi = 5.74706E+01
dx  = 2.22144E+00
dy  = -3.56616E+00
*** defect info ***
r  =  4.86306E-01
h  =  1.70847E-01
