*** transform info ***
phi = 2.44037E+01
dx  = 9.37387E-01
dy  = -1.16608E-01
*** defect info ***
r  =  5.85344E-01
h  =  1.80228E-01
