*** transform info ***
phi = 6.18106E+01
dx  = -2.09576E+00
dy  = 5.80377E+00
*** defect info ***
r  =  3.05794E-01
h  =  6.23364E-02
