*** transform info ***
phi = 4.19147E+00
dx  = -3.89949E+00
dy  = 3.30314E+00
*** defect info ***
r  =  1.83868E-01
h  =  6.09843E-02
