*** transform info ***
phi = 4.53559E+01
dx  = -5.12924E+00
dy  = -1.82598E+00
*** defect info ***
r  =  1.75961E-01
h  =  1.78455E-01
