*** transform info ***
phi = 1.54522E+02
dx  = 6.70754E+00
dy  = -1.14725E+00
*** defect info ***
r  =  5.42684E-01
h  =  1.14070E-01
