*** transform info ***
phi = 9.17710E+01
dx  = -7.57037E+00
dy  = 1.19636E+00
*** defect info ***
r  =  3.92438E-01
h  =  1.84012E-01
