*** transform info ***
phi = 5.99431E+01
dx  = 7.13619E+00
dy  = 1.02620E+00
*** defect info ***
r  =  5.06067E-01
h  =  1.74611E-01
