*** transform info ***
phi = 1.40373E+02
dx  = -3.73087E+00
dy  = 2.61341E+00
*** defect info ***
r  =  4.15324E-01
h  =  1.35658E-01
