*** transform info ***
phi = 5.15728E-01
dx  = 7.03882E+00
dy  = 4.87016E+00
*** defect info ***
r  =  7.85184E-01
h  =  1.99351E-01
