*** transform info ***
phi = 7.56579E+00
dx  = -4.45378E-01
dy  = -9.54689E-01
*** defect info ***
r  =  3.87041E-01
h  =  1.89594E-01
