*** transform info ***
phi = 4.82081E+01
dx  = -7.71275E+00
dy  = -3.19728E-01
*** defect info ***
r  =  7.06651E-01
h  =  5.48435E-02
