*** transform info ***
phi = 5.76086E+01
dx  = -3.14050E+00
dy  = 1.78672E+00
*** defect info ***
r  =  6.99696E-01
h  =  7.28320E-02
