*** transform info ***
phi = 3.21894E+01
dx  = -3.86703E+00
dy  = 2.51867E+00
*** defect info ***
r  =  5.75955E-01
h  =  1.18098E-01
