*** transform info ***
phi = 3.14595E+01
dx  = -8.81381E-02
dy  = -2.97510E+00
*** defect info ***
r  =  3.24530E-01
h  =  1.88252E-01
