*** transform info ***
phi = 1.74173E+02
dx  = 3.67767E+00
dy  = 2.84044E-01
*** defect info ***
r  =  6.74831E-01
h  =  1.01222E-01
