*** transform info ***
phi = 3.89244E+01
dx  = -3.94544E+00
dy  = -1.84317E+00
*** defect info ***
r  =  3.72203E-01
h  =  7.66350E-02
