*** transform info ***
phi = 1.54912E+02
dx  = 6.63206E+00
dy  = -4.22577E+00
*** defect info ***
r  =  5.88575E-01
h  =  1.96421E-01
