*** transform info ***
phi = 1.77916E+02
dx  = 4.91836E+00
dy  = 3.43824E+00
*** defect info ***
r  =  2.02789E-01
h  =  5.23978E-02
