*** transform info ***
phi = 5.03544E+01
dx  = 2.94358E+00
dy  = 6.54400E+00
*** defect info ***
r  =  1.66716E-01
h  =  1.39838E-01
