*** transform info ***
phi = 5.35650E+01
dx  = -4.84038E+00
dy  = 1.79481E+00
*** defect info ***
r  =  4.60186E-01
h  =  1.66605E-01
