*** transform info ***
phi = 7.63405E+01
dx  = -6.20433E+00
dy  = -1.57521E+00
*** defect info ***
r  =  7.48711E-01
h  =  1.65645E-01
