*** transform info ***
phi = 3.53082E+01
dx  = -5.56128E+00
dy  = -1.67863E+00
*** defect info ***
r  =  7.71445E-01
h  =  1.49139E-01
