*** transform info ***
phi = 5.10174E+01
dx  = -5.55032E+00
dy  = 1.40858E+00
*** defect info ***
r  =  1.95966E-01
h  =  5.11837E-02
