*** transform info ***
phi = 7.91425E+01
dx  = -5.27018E+00
dy  = 4.46531E+00
*** defect info ***
r  =  7.08691E-01
h  =  1.19513E-01
