*** transform info ***
phi = 1.56677E+02
dx  = -7.92623E+00
dy  = -5.14432E+00
*** defect info ***
r  =  4.46902E-01
h  =  1.56406E-01
