*** transform info ***
phi = 1.19800E+02
dx  = 1.35643E-01
dy  = -5.22538E-01
*** defect info ***
r  =  4.40278E-01
h  =  1.95969E-01
