*** transform info ***
phi = 6.85031E+01
dx  = -4.20457E+00
dy  = -4.04839E+00
*** defect info ***
r  =  1.99972E-01
h  =  1.36953E-01
