*** transform info ***
phi = 3.15943E+01
dx  = -7.63187E-01
dy  = -1.56626E-01
*** defect info ***
r  =  2.45390E-01
h  =  1.60438E-01
