*** transform info ***
phi = 1.25323E+02
dx  = 5.95503E+00
dy  = 1.11698E+00
*** defect info ***
r  =  6.34158E-01
h  =  1.32802E-01
