*** transform info ***
phi = 7.64415E+01
dx  = -3.57686E+00
dy  = 4.54941E+00
*** defect info ***
r  =  1.21842E-01
h  =  7.17954E-02
