*** transform info ***
phi = 1.36433E+02
dx  = -3.65757E+00
dy  = -1.85956E+00
*** defect info ***
r  =  3.24321E-01
h  =  6.37745E-02
