*** transform info ***
phi = 7.50018E+01
dx  = 7.72157E+00
dy  = -7.28217E-01
*** defect info ***
r  =  7.03827E-01
h  =  1.80501E-01
