*** transform info ***
phi = 1.12773E+01
dx  = 6.35385E+00
dy  = -2.57397E+00
*** defect info ***
r  =  5.43323E-01
h  =  1.64782E-01
