*** transform info ***
phi = 7.05918E+00
dx  = 4.84273E+00
dy  = -2.23450E+00
*** defect info ***
r  =  3.82709E-01
h  =  5.34302E-02
