*** transform info ***
phi = 1.51725E+02
dx  = 2.26193E+00
dy  = -5.53553E+00
*** defect info ***
r  =  3.69017E-01
h  =  1.24483E-01
