*** transform info ***
phi = 1.72810E+02
dx  = -6.09947E+00
dy  = -3.65711E+00
*** defect info ***
r  =  1.54580E-01
h  =  1.66457E-01
