*** transform info ***
phi = 1.44859E+02
dx  = -7.45484E-01
dy  = 4.48444E+00
*** defect info ***
r  =  1.11416E-01
h  =  9.69287E-02
