*** transform info ***
phi = 1.65390E+02
dx  = -6.87790E+00
dy  = 1.67203E+00
*** defect info ***
r  =  3.32619E-01
h  =  1.64602E-01
