*** transform info ***
phi = 5.23099E+01
dx  = -2.66398E+00
dy  = 3.95357E+00
*** defect info ***
r  =  5.13358E-01
h  =  1.20589E-01
