*** transform info ***
phi = 7.89985E+01
dx  = 1.10501E-01
dy  = 6.37343E-01
*** defect info ***
r  =  4.27823E-01
h  =  5.58696E-02
