*** transform info ***
phi = 8.53490E-01
dx  = 2.39487E+00
dy  = -4.76996E+00
*** defect info ***
r  =  3.00179E-01
h  =  1.08874E-01
