*** transform info ***
phi = 1.40012E+02
dx  = -4.16481E+00
dy  = -3.47424E+00
*** defect info ***
r  =  7.94874E-01
h  =  1.61430E-01
