*** transform info ***
phi = 5.35688E+01
dx  = 6.60842E+00
dy  = 6.08583E-01
*** defect info ***
r  =  6.01778E-01
h  =  1.35306E-01
