*** transform info ***
phi = 1.69570E+02
dx  = 8.79959E-01
dy  = 1.45038E+00
*** defect info ***
r  =  3.63701E-01
h  =  1.28078E-01
