*** transform info ***
phi = 7.56374E+01
dx  = -7.84098E+00
dy  = 3.08534E+00
*** defect info ***
r  =  2.16511E-01
h  =  1.86270E-01
