*** transform info ***
phi = 1.54306E+02
dx  = -4.81494E+00
dy  = -2.10488E+00
*** defect info ***
r  =  1.83725E-01
h  =  1.60891E-01
