*** transform info ***
phi = 1.64663E+02
dx  = 4.46865E-01
dy  = -1.97532E+00
*** defect info ***
r  =  2.95811E-01
h  =  1.74834E-01
