*** transform info ***
phi = 6.07668E+01
dx  = -4.42014E+00
dy  = -2.39154E+00
*** defect info ***
r  =  2.88167E-01
h  =  1.12028E-01
