*** transform info ***
phi = 7.93042E+01
dx  = 4.03625E+00
dy  = 2.40206E+00
*** defect info ***
r  =  7.85189E-01
h  =  7.18530E-02
