*** transform info ***
phi = 1.61814E+02
dx  = -8.54306E-01
dy  = -2.02402E+00
*** defect info ***
r  =  1.69336E-01
h  =  6.01063E-02
