*** transform info ***
phi = 1.12861E+02
dx  = 2.78308E+00
dy  = 1.91783E+00
*** defect info ***
r  =  7.56093E-01
h  =  1.89273E-01
