*** transform info ***
phi = 1.67742E+02
dx  = 7.11981E+00
dy  = 3.68623E+00
*** defect info ***
r  =  3.30667E-01
h  =  1.84733E-01
