*** transform info ***
phi = 1.70236E+02
dx  = 5.67357E+00
dy  = -4.97528E+00
*** defect info ***
r  =  7.60230E-01
h  =  8.60702E-02
