*** transform info ***
phi = 9.37878E+01
dx  = 3.04813E+00
dy  = -2.67710E+00
*** defect info ***
r  =  5.84228E-01
h  =  1.48124E-01
