*** transform info ***
phi = 1.83608E+01
dx  = 5.21648E-01
dy  = 2.69236E+00
*** defect info ***
r  =  5.54178E-01
h  =  1.80781E-01
