*** transform info ***
phi = 6.17981E+01
dx  = -4.11448E+00
dy  = 5.76969E+00
*** defect info ***
r  =  1.36399E-01
h  =  1.06407E-01
