*** transform info ***
phi = 5.80246E+01
dx  = 6.56278E-01
dy  = -4.95809E+00
*** defect info ***
r  =  1.88001E-01
h  =  1.77501E-01
