*** transform info ***
phi = 1.60044E+02
dx  = -7.39596E+00
dy  = -7.20709E-01
*** defect info ***
r  =  6.80223E-01
h  =  6.88467E-02
