*** transform info ***
phi = 1.08394E+02
dx  = 4.40309E+00
dy  = 7.22100E-01
*** defect info ***
r  =  2.70004E-01
h  =  6.59585E-02
