*** transform info ***
phi = 8.88752E+01
dx  = -2.48713E-01
dy  = -2.50387E+00
*** defect info ***
r  =  2.18427E-01
h  =  1.14543E-01
