*** transform info ***
phi = 6.14583E+01
dx  = 2.73492E+00
dy  = 1.79228E+00
*** defect info ***
r  =  4.73228E-01
h  =  1.63217E-01
