*** transform info ***
phi = 6.27310E+01
dx  = 1.55407E+00
dy  = 2.00702E+00
*** defect info ***
r  =  1.52819E-01
h  =  9.30330E-02
