*** transform info ***
phi = 7.96915E+00
dx  = 2.36436E+00
dy  = -2.41116E+00
*** defect info ***
r  =  7.01689E-01
h  =  8.18456E-02
