*** transform info ***
phi = 2.08856E+01
dx  = -2.73923E+00
dy  = 1.40129E+00
*** defect info ***
r  =  5.60704E-01
h  =  1.90481E-01
