*** transform info ***
phi = 4.91666E+01
dx  = 1.69499E+00
dy  = 2.37649E+00
*** defect info ***
r  =  4.76671E-01
h  =  8.40947E-02
