*** transform info ***
phi = 5.57186E+01
dx  = -3.98516E+00
dy  = 5.25061E+00
*** defect info ***
r  =  6.78803E-01
h  =  6.53359E-02
