*** transform info ***
phi = 3.30923E+01
dx  = 2.26707E-01
dy  = 4.73965E+00
*** defect info ***
r  =  7.75909E-01
h  =  1.45259E-01
