*** transform info ***
phi = 1.61302E+02
dx  = -2.38862E+00
dy  = -3.02014E+00
*** defect info ***
r  =  6.40510E-01
h  =  1.32641E-01
