*** transform info ***
phi = 1.13650E+02
dx  = 6.37328E+00
dy  = -7.43174E-01
*** defect info ***
r  =  1.68389E-01
h  =  1.03915E-01
