*** transform info ***
phi = 1.73161E+02
dx  = -2.97107E+00
dy  = -4.82187E-01
*** defect info ***
r  =  2.04549E-01
h  =  9.87149E-02
