*** transform info ***
phi = 3.45928E+00
dx  = -5.77991E+00
dy  = -2.60002E+00
*** defect info ***
r  =  2.88788E-01
h  =  1.26103E-01
