*** transform info ***
phi = 7.63353E+01
dx  = 5.26798E+00
dy  = -2.37551E+00
*** defect info ***
r  =  7.43454E-01
h  =  1.54063E-01
