*** transform info ***
phi = 2.51776E+01
dx  = -9.18254E-01
dy  = 3.76136E+00
*** defect info ***
r  =  4.33604E-01
h  =  5.63868E-02
