*** transform info ***
phi = 2.47239E+01
dx  = 2.19387E+00
dy  = 2.24768E+00
*** defect info ***
r  =  6.14825E-01
h  =  1.97559E-01
