*** transform info ***
phi = 5.07170E+01
dx  = 3.50610E+00
dy  = 1.06319E+00
*** defect info ***
r  =  2.81497E-01
h  =  1.77544E-01
