*** transform info ***
phi = 1.00422E+02
dx  = 7.54546E+00
dy  = 2.85652E-01
*** defect info ***
r  =  5.27528E-01
h  =  8.12630E-02
