*** transform info ***
phi = 1.60303E+02
dx  = -3.21058E+00
dy  = 5.33989E+00
*** defect info ***
r  =  4.17557E-01
h  =  1.31729E-01
