*** transform info ***
phi = 5.35111E+01
dx  = 4.00936E+00
dy  = 5.24322E+00
*** defect info ***
r  =  5.25293E-01
h  =  1.08231E-01
