*** transform info ***
phi = 1.22367E+02
dx  = 3.54536E+00
dy  = 2.11292E+00
*** defect info ***
r  =  5.94526E-01
h  =  1.34830E-01
