*** transform info ***
phi = 1.31060E+02
dx  = 2.45227E+00
dy  = -1.30848E+00
*** defect info ***
r  =  6.32445E-01
h  =  1.91644E-01
