*** transform info ***
phi = 1.57182E+02
dx  = -2.25004E+00
dy  = 1.41978E+00
*** defect info ***
r  =  1.74823E-01
h  =  6.22572E-02
