*** transform info ***
phi = 9.77859E+01
dx  = 1.98526E+00
dy  = -5.24890E-01
*** defect info ***
r  =  4.92830E-01
h  =  1.67941E-01
