*** transform info ***
phi = 4.51823E+01
dx  = 6.83559E+00
dy  = 6.14811E-01
*** defect info ***
r  =  5.18064E-01
h  =  1.48748E-01
