*** transform info ***
phi = 1.14506E+02
dx  = 2.31408E+00
dy  = 1.43990E+00
*** defect info ***
r  =  7.64802E-01
h  =  1.43812E-01
