*** transform info ***
phi = 1.69092E+00
dx  = -7.92043E+00
dy  = 9.09458E-01
*** defect info ***
r  =  6.36856E-01
h  =  1.72549E-01
