*** transform info ***
phi = 9.61939E+01
dx  = -5.26300E+00
dy  = -2.08845E-01
*** defect info ***
r  =  2.98899E-01
h  =  1.84913E-01
