*** transform info ***
phi = 7.71533E+01
dx  = 4.83317E-01
dy  = -4.11943E+00
*** defect info ***
r  =  2.38447E-01
h  =  1.63763E-01
