*** transform info ***
phi = 1.76410E+02
dx  = 4.86615E+00
dy  = 3.04346E+00
*** defect info ***
r  =  3.09099E-01
h  =  6.07193E-02
