*** transform info ***
phi = 5.67167E+01
dx  = -4.74504E+00
dy  = 8.59813E-01
*** defect info ***
r  =  6.86278E-01
h  =  1.35139E-01
