*** transform info ***
phi = 1.04749E+01
dx  = 4.56682E+00
dy  = -4.52227E-01
*** defect info ***
r  =  5.85786E-01
h  =  1.10979E-01
