*** transform info ***
phi = 1.49670E+02
dx  = -4.00738E+00
dy  = 6.92148E+00
*** defect info ***
r  =  2.61009E-01
h  =  1.71438E-01
