*** transform info ***
phi = 1.76035E+02
dx  = 6.92582E+00
dy  = 2.36245E+00
*** defect info ***
r  =  7.28978E-01
h  =  1.14792E-01
