*** transform info ***
phi = 1.28497E+02
dx  = 7.42860E+00
dy  = 2.70582E-01
*** defect info ***
r  =  1.37043E-01
h  =  1.24948E-01
