*** transform info ***
phi = 8.39042E+01
dx  = -1.35905E+00
dy  = -3.55034E+00
*** defect info ***
r  =  6.76317E-01
h  =  1.08713E-01
