*** transform info ***
phi = 2.25837E+00
dx  = -1.47802E+00
dy  = -2.53732E+00
*** defect info ***
r  =  4.10869E-01
h  =  1.17364E-01
