*** transform info ***
phi = 1.71541E+02
dx  = -3.37740E+00
dy  = 4.13381E+00
*** defect info ***
r  =  5.56406E-01
h  =  6.18165E-02
