*** transform info ***
phi = 8.36772E+00
dx  = -2.69815E+00
dy  = 2.48394E+00
*** defect info ***
r  =  1.39551E-01
h  =  1.84222E-01
