*** transform info ***
phi = 1.48438E+02
dx  = -5.06466E+00
dy  = 2.22456E+00
*** defect info ***
r  =  1.05495E-01
h  =  1.90321E-01
