*** transform info ***
phi = 9.18777E-01
dx  = 2.48871E+00
dy  = -4.48636E+00
*** defect info ***
r  =  4.75691E-01
h  =  1.20308E-01
