*** transform info ***
phi = 2.06132E+00
dx  = -2.83525E+00
dy  = 3.34677E+00
*** defect info ***
r  =  7.66224E-01
h  =  8.25581E-02
