*** transform info ***
phi = 5.04227E+01
dx  = 1.79779E+00
dy  = 2.04455E+00
*** defect info ***
r  =  2.32148E-01
h  =  1.65326E-01
