*** transform info ***
phi = 1.31729E+02
dx  = 3.48947E-01
dy  = 1.60867E+00
*** defect info ***
r  =  4.51838E-01
h  =  1.00143E-01
