*** transform info ***
phi = 1.20810E+02
dx  = 2.76155E-01
dy  = -3.86683E+00
*** defect info ***
r  =  1.60420E-01
h  =  1.68830E-01
