*** transform info ***
phi = 9.57317E+01
dx  = 1.69110E+00
dy  = -4.41851E+00
*** defect info ***
r  =  4.13414E-01
h  =  1.27269E-01
