*** transform info ***
phi = 1.68620E+02
dx  = -1.23894E+00
dy  = 3.41788E+00
*** defect info ***
r  =  3.08155E-01
h  =  9.74173E-02
