*** transform info ***
phi = 5.09835E+00
dx  = -4.92636E+00
dy  = -2.69311E+00
*** defect info ***
r  =  4.19100E-01
h  =  1.25085E-01
