*** transform info ***
phi = 5.23957E+01
dx  = -1.42241E+00
dy  = 2.62991E+00
*** defect info ***
r  =  5.98986E-01
h  =  1.21865E-01
