*** transform info ***
phi = 7.22344E+01
dx  = 1.03210E+00
dy  = -2.80806E+00
*** defect info ***
r  =  2.25127E-01
h  =  7.21887E-02
