*** transform info ***
phi = 1.72303E+02
dx  = -4.27673E+00
dy  = 4.99591E+00
*** defect info ***
r  =  2.07918E-01
h  =  1.31767E-01
