*** transform info ***
phi = 9.36736E+01
dx  = 6.17789E+00
dy  = 8.82050E-01
*** defect info ***
r  =  1.10078E-01
h  =  9.24649E-02
