*** transform info ***
phi = 3.23600E+01
dx  = 2.44343E+00
dy  = 9.36929E-01
*** defect info ***
r  =  2.55408E-01
h  =  1.43815E-01
