*** transform info ***
phi = 9.73418E+00
dx  = -6.58374E-01
dy  = -4.16748E-01
*** defect info ***
r  =  3.05570E-01
h  =  1.35382E-01
