*** transform info ***
phi = 1.40488E+01
dx  = 3.83720E+00
dy  = 2.02384E+00
*** defect info ***
r  =  4.88391E-01
h  =  1.41744E-01
