*** transform info ***
phi = 1.11351E+02
dx  = -1.25967E-01
dy  = 2.27777E+00
*** defect info ***
r  =  2.61891E-01
h  =  1.44870E-01
