*** transform info ***
phi = 1.52324E+02
dx  = -5.90441E+00
dy  = -6.07189E+00
*** defect info ***
r  =  4.90922E-01
h  =  1.76177E-01
