*** transform info ***
phi = 8.36589E+01
dx  = -4.02420E+00
dy  = 1.27680E+00
*** defect info ***
r  =  2.55727E-01
h  =  5.56420E-02
