*** transform info ***
phi = 5.90962E+01
dx  = -3.36354E+00
dy  = -4.70368E+00
*** defect info ***
r  =  7.00839E-01
h  =  6.44928E-02
