*** transform info ***
phi = 1.91887E+01
dx  = -1.09971E+00
dy  = 3.73717E+00
*** defect info ***
r  =  1.22206E-01
h  =  1.35550E-01
