*** transform info ***
phi = 7.90337E+01
dx  = -4.37400E+00
dy  = 1.45527E+00
*** defect info ***
r  =  4.63744E-01
h  =  1.71352E-01
