*** transform info ***
phi = 9.76774E+01
dx  = -3.87902E+00
dy  = 2.92915E+00
*** defect info ***
r  =  4.81128E-01
h  =  1.78604E-01
