*** transform info ***
phi = 5.21274E+01
dx  = 1.99885E+00
dy  = 1.63315E+00
*** defect info ***
r  =  4.30783E-01
h  =  7.59827E-02
