*** transform info ***
phi = 3.89979E+01
dx  = -1.83093E-01
dy  = 4.39064E+00
*** defect info ***
r  =  6.90557E-01
h  =  1.48890E-01
