*** transform info ***
phi = 5.59620E+01
dx  = -2.45200E+00
dy  = -2.59094E+00
*** defect info ***
r  =  4.06417E-01
h  =  1.43480E-01
