*** transform info ***
phi = 9.77006E+01
dx  = -2.70536E+00
dy  = 1.18269E+00
*** defect info ***
r  =  4.51965E-01
h  =  1.93008E-01
