*** transform info ***
phi = 6.80053E+01
dx  = 2.45905E+00
dy  = 1.75858E+00
*** defect info ***
r  =  1.96461E-01
h  =  9.74860E-02
