*** transform info ***
phi = 9.62322E+00
dx  = -1.99052E+00
dy  = -3.89833E-01
*** defect info ***
r  =  7.65138E-01
h  =  1.69782E-01
