*** transform info ***
phi = 5.22983E+01
dx  = 4.81488E+00
dy  = 3.35437E+00
*** defect info ***
r  =  2.23373E-01
h  =  1.39105E-01
