*** transform info ***
phi = 7.80021E+01
dx  = -2.56546E+00
dy  = 1.01822E+00
*** defect info ***
r  =  2.23053E-01
h  =  1.28829E-01
