*** transform info ***
phi = 1.77038E+02
dx  = 5.48372E+00
dy  = -4.98079E+00
*** defect info ***
r  =  1.23265E-01
h  =  1.22690E-01
