*** transform info ***
phi = 4.33671E+01
dx  = -1.98817E-01
dy  = -6.84909E+00
*** defect info ***
r  =  3.80638E-01
h  =  1.39739E-01
