*** transform info ***
phi = 1.68942E+02
dx  = -4.23676E+00
dy  = 4.10050E-01
*** defect info ***
r  =  2.09851E-01
h  =  1.35877E-01
