*** transform info ***
phi = 6.18557E+01
dx  = 5.64645E+00
dy  = 7.33259E+00
*** defect info ***
r  =  7.91293E-01
h  =  1.35881E-01
