*** transform info ***
phi = 1.79032E+02
dx  = 2.54638E+00
dy  = 2.75985E+00
*** defect info ***
r  =  7.82680E-01
h  =  1.95223E-01
