*** transform info ***
phi = 9.63810E+01
dx  = -3.83154E+00
dy  = 4.10730E+00
*** defect info ***
r  =  5.83652E-01
h  =  7.74141E-02
