*** transform info ***
phi = 1.65522E+02
dx  = -5.23966E+00
dy  = 2.96867E+00
*** defect info ***
r  =  5.45408E-01
h  =  1.24403E-01
