*** transform info ***
phi = 7.47830E+01
dx  = -1.70888E+00
dy  = 2.73277E+00
*** defect info ***
r  =  2.15627E-01
h  =  1.46328E-01
