*** transform info ***
phi = 5.83332E+00
dx  = 1.52175E+00
dy  = 3.65671E+00
*** defect info ***
r  =  6.29132E-01
h  =  1.24421E-01
