*** transform info ***
phi = 1.04717E+02
dx  = 3.12927E+00
dy  = 7.82135E-01
*** defect info ***
r  =  6.97623E-01
h  =  1.11819E-01
