*** transform info ***
phi = 1.45035E+02
dx  = 5.04446E+00
dy  = -1.30659E+00
*** defect info ***
r  =  2.87431E-01
h  =  1.47126E-01
