*** transform info ***
phi = 3.05339E+01
dx  = -3.83167E+00
dy  = 1.17356E+00
*** defect info ***
r  =  1.11268E-01
h  =  1.69208E-01
