*** transform info ***
phi = 1.37044E+01
dx  = -2.80551E+00
dy  = -3.16600E+00
*** defect info ***
r  =  5.93679E-01
h  =  1.65254E-01
