*** transform info ***
phi = 1.46519E+02
dx  = -5.27732E+00
dy  = -5.13934E+00
*** defect info ***
r  =  5.55030E-01
h  =  1.01120E-01
