*** transform info ***
phi = 1.56475E+02
dx  = -5.90780E+00
dy  = -6.12144E+00
*** defect info ***
r  =  3.37381E-01
h  =  1.12752E-01
