*** transform info ***
phi = 1.37411E+02
dx  = -2.24608E+00
dy  = 2.86957E+00
*** defect info ***
r  =  6.30537E-01
h  =  8.26659E-02
