*** transform info ***
phi = 1.05197E+02
dx  = 5.46116E+00
dy  = 1.38960E+00
*** defect info ***
r  =  4.52330E-01
h  =  1.79899E-01
