*** transform info ***
phi = 1.32693E+02
dx  = 5.50925E+00
dy  = -1.23476E+00
*** defect info ***
r  =  2.20628E-01
h  =  1.30674E-01
