*** transform info ***
phi = 1.05784E+02
dx  = 6.94330E+00
dy  = 1.03313E+00
*** defect info ***
r  =  3.74552E-01
h  =  5.63210E-02
