*** transform info ***
phi = 8.61739E+01
dx  = 6.85182E+00
dy  = 2.48769E+00
*** defect info ***
r  =  5.31119E-01
h  =  1.22001E-01
