*** transform info ***
phi = 1.63589E+02
dx  = -7.01388E+00
dy  = 3.06146E+00
*** defect info ***
r  =  4.33031E-01
h  =  5.75556E-02
