*** transform info ***
phi = 3.40305E+01
dx  = -4.15461E+00
dy  = 4.12635E-01
*** defect info ***
r  =  2.91896E-01
h  =  1.55869E-01
