*** transform info ***
phi = 1.27183E+01
dx  = 6.96728E+00
dy  = -3.07292E-01
*** defect info ***
r  =  5.81220E-01
h  =  1.68284E-01
