*** transform info ***
phi = 6.48376E+01
dx  = 1.86831E+00
dy  = 1.01259E+00
*** defect info ***
r  =  7.53698E-01
h  =  1.96999E-01
