*** transform info ***
phi = 8.48399E+01
dx  = -4.26465E+00
dy  = -9.81437E-01
*** defect info ***
r  =  7.69834E-01
h  =  1.65536E-01
