*** transform info ***
phi = 9.31074E+01
dx  = -3.53967E+00
dy  = 2.92689E+00
*** defect info ***
r  =  6.72747E-01
h  =  1.41976E-01
