*** transform info ***
phi = 1.27990E+02
dx  = 2.98285E+00
dy  = 3.35031E-01
*** defect info ***
r  =  3.42953E-01
h  =  1.77031E-01
