*** transform info ***
phi = 3.98594E+01
dx  = 9.39921E-01
dy  = 4.73772E-01
*** defect info ***
r  =  7.86405E-01
h  =  1.98743E-01
