*** transform info ***
phi = 5.92670E+01
dx  = 6.79350E+00
dy  = -1.38140E+00
*** defect info ***
r  =  7.24948E-01
h  =  1.78179E-01
