*** transform info ***
phi = 1.39326E+02
dx  = 2.11289E+00
dy  = -5.02412E-02
*** defect info ***
r  =  4.12561E-01
h  =  1.19731E-01
