*** transform info ***
phi = 1.71310E+02
dx  = 6.15859E+00
dy  = -3.19516E+00
*** defect info ***
r  =  5.07385E-01
h  =  8.46487E-02
