*** transform info ***
phi = 1.28139E+02
dx  = -2.13707E+00
dy  = 1.91077E+00
*** defect info ***
r  =  6.16323E-01
h  =  5.81754E-02
