*** transform info ***
phi = 1.65768E+02
dx  = -6.69713E+00
dy  = -4.85382E+00
*** defect info ***
r  =  6.72236E-01
h  =  1.35875E-01
