*** transform info ***
phi = 7.89044E+01
dx  = 1.79265E+00
dy  = 3.08159E+00
*** defect info ***
r  =  1.86479E-01
h  =  1.25019E-01
