*** transform info ***
phi = 1.29783E+02
dx  = -5.21530E-01
dy  = -2.52742E+00
*** defect info ***
r  =  6.99501E-01
h  =  1.86437E-01
