*** transform info ***
phi = 7.14911E+01
dx  = 5.95861E+00
dy  = -3.97131E+00
*** defect info ***
r  =  4.73057E-01
h  =  1.73905E-01
