*** transform info ***
phi = 4.55104E+01
dx  = 2.29732E+00
dy  = 4.42116E+00
*** defect info ***
r  =  7.80685E-01
h  =  1.21062E-01
