*** transform info ***
phi = 7.95736E+01
dx  = 6.77316E+00
dy  = -1.28080E+00
*** defect info ***
r  =  2.56725E-01
h  =  1.49918E-01
