*** transform info ***
phi = 1.55967E+02
dx  = -6.12859E+00
dy  = 6.44515E+00
*** defect info ***
r  =  1.76331E-01
h  =  1.75632E-01
