*** transform info ***
phi = 2.11235E+01
dx  = 2.44669E+00
dy  = -1.23610E+00
*** defect info ***
r  =  3.79590E-01
h  =  1.21491E-01
