*** transform info ***
phi = 1.63478E+02
dx  = 6.63907E+00
dy  = 4.11324E+00
*** defect info ***
r  =  1.17936E-01
h  =  1.49875E-01
