*** transform info ***
phi = 1.69419E+02
dx  = 2.61168E+00
dy  = 2.98610E+00
*** defect info ***
r  =  1.44723E-01
h  =  7.48678E-02
