*** transform info ***
phi = 6.58789E+01
dx  = 4.77381E+00
dy  = 9.96822E-01
*** defect info ***
r  =  3.40462E-01
h  =  1.86100E-01
