*** transform info ***
phi = 9.62726E+01
dx  = -9.39577E-01
dy  = -1.40871E+00
*** defect info ***
r  =  5.64729E-01
h  =  1.20606E-01
