*** transform info ***
phi = 1.43323E+02
dx  = 6.84848E+00
dy  = 2.40209E+00
*** defect info ***
r  =  2.62648E-01
h  =  9.19983E-02
