*** transform info ***
phi = 9.98975E+01
dx  = -3.19129E+00
dy  = 3.59674E+00
*** defect info ***
r  =  3.78567E-01
h  =  1.81884E-01
