*** transform info ***
phi = 8.28818E+00
dx  = 7.76204E+00
dy  = 3.29747E+00
*** defect info ***
r  =  7.00585E-01
h  =  1.28198E-01
