*** transform info ***
phi = 7.16115E+01
dx  = -7.95380E+00
dy  = 3.19287E+00
*** defect info ***
r  =  7.83027E-01
h  =  7.73074E-02
