*** transform info ***
phi = 2.46977E+01
dx  = -4.07048E+00
dy  = 1.92125E+00
*** defect info ***
r  =  2.58869E-01
h  =  1.58730E-01
