*** transform info ***
phi = 4.54334E+00
dx  = -9.22246E-01
dy  = 9.04023E-01
*** defect info ***
r  =  4.60405E-01
h  =  1.72364E-01
