*** transform info ***
phi = 3.79545E+01
dx  = 3.17927E+00
dy  = -3.51951E+00
*** defect info ***
r  =  3.61639E-01
h  =  1.84929E-01
