*** transform info ***
phi = 1.62005E+02
dx  = -2.56915E+00
dy  = -4.31132E-01
*** defect info ***
r  =  3.80436E-01
h  =  1.54462E-01
