*** transform info ***
phi = 1.03835E+02
dx  = 6.43887E+00
dy  = -2.14655E+00
*** defect info ***
r  =  4.66772E-01
h  =  7.66663E-02
