*** transform info ***
phi = 1.26398E+02
dx  = -3.80200E+00
dy  = -2.69257E+00
*** defect info ***
r  =  3.86178E-01
h  =  9.41406E-02
