*** transform info ***
phi = 3.09849E+01
dx  = -3.63061E+00
dy  = 3.02792E+00
*** defect info ***
r  =  2.30542E-01
h  =  1.90443E-01
