*** transform info ***
phi = 8.37814E+01
dx  = -1.97157E+00
dy  = -4.12236E+00
*** defect info ***
r  =  3.79727E-01
h  =  8.01303E-02
