*** transform info ***
phi = 1.50435E+02
dx  = 1.06206E+00
dy  = 2.84778E+00
*** defect info ***
r  =  7.71310E-01
h  =  1.82731E-01
