*** transform info ***
phi = 4.45520E+01
dx  = -2.39165E+00
dy  = 1.71673E+00
*** defect info ***
r  =  2.39915E-01
h  =  1.89465E-01
