*** transform info ***
phi = 1.13636E+02
dx  = 3.21385E+00
dy  = 9.11257E-01
*** defect info ***
r  =  4.75091E-01
h  =  1.34473E-01
