*** transform info ***
phi = 1.36782E+02
dx  = 8.21828E-02
dy  = -5.91513E+00
*** defect info ***
r  =  3.20108E-01
h  =  9.39800E-02
