*** transform info ***
phi = 1.58780E+02
dx  = 7.04815E+00
dy  = -5.53874E+00
*** defect info ***
r  =  6.89562E-01
h  =  1.59927E-01
