*** transform info ***
phi = 1.02132E+02
dx  = -7.91470E+00
dy  = -1.77941E+00
*** defect info ***
r  =  3.93601E-01
h  =  8.78380E-02
