*** transform info ***
phi = 6.61662E+01
dx  = -5.57088E+00
dy  = 1.24328E+00
*** defect info ***
r  =  7.07304E-01
h  =  5.45969E-02
