*** transform info ***
phi = 1.09328E+02
dx  = -6.60599E-01
dy  = -3.56251E+00
*** defect info ***
r  =  7.95502E-01
h  =  1.19192E-01
