*** transform info ***
phi = 4.44879E+01
dx  = 2.61346E+00
dy  = 5.42265E+00
*** defect info ***
r  =  6.36456E-01
h  =  1.69900E-01
