*** transform info ***
phi = 1.43404E+02
dx  = 2.11611E+00
dy  = -4.99900E-03
*** defect info ***
r  =  2.57860E-01
h  =  1.29499E-01
