*** transform info ***
phi = 1.15359E+02
dx  = -2.96501E+00
dy  = -6.91579E-01
*** defect info ***
r  =  1.99611E-01
h  =  1.61458E-01
