*** transform info ***
phi = 8.64093E-01
dx  = -7.71139E+00
dy  = 2.79711E+00
*** defect info ***
r  =  1.61862E-01
h  =  1.45328E-01
