*** transform info ***
phi = 6.27180E+01
dx  = 3.09572E+00
dy  = -1.65659E+00
*** defect info ***
r  =  1.09057E-01
h  =  1.81256E-01
