*** transform info ***
phi = 7.81188E+01
dx  = 3.90431E+00
dy  = -4.58006E+00
*** defect info ***
r  =  4.50618E-01
h  =  1.67298E-01
