*** transform info ***
phi = 1.95603E+00
dx  = 4.20563E+00
dy  = 1.91887E+00
*** defect info ***
r  =  1.25439E-01
h  =  1.63258E-01
