*** transform info ***
phi = 5.21328E+01
dx  = -1.45373E+00
dy  = 4.28180E+00
*** defect info ***
r  =  5.55100E-01
h  =  1.54348E-01
