*** transform info ***
phi = 1.73194E+01
dx  = 5.22388E+00
dy  = 9.19913E-03
*** defect info ***
r  =  1.03399E-01
h  =  9.55046E-02
