*** transform info ***
phi = 1.64011E+02
dx  = 9.07704E-01
dy  = 3.01351E+00
*** defect info ***
r  =  2.61867E-01
h  =  8.18469E-02
