*** transform info ***
phi = 1.58191E+02
dx  = 3.02861E+00
dy  = -2.38319E+00
*** defect info ***
r  =  7.39576E-01
h  =  1.82796E-01
