*** transform info ***
phi = 4.14798E+01
dx  = -2.61146E+00
dy  = -1.24385E+00
*** defect info ***
r  =  4.41963E-01
h  =  5.76165E-02
