*** transform info ***
phi = 1.13496E+01
dx  = -6.72583E+00
dy  = -8.98359E-01
*** defect info ***
r  =  2.06849E-01
h  =  1.62234E-01
