*** transform info ***
phi = 5.73693E+01
dx  = -7.19029E+00
dy  = -7.95128E-01
*** defect info ***
r  =  5.05346E-01
h  =  1.95466E-01
