*** transform info ***
phi = 1.06387E+02
dx  = -5.58376E+00
dy  = -6.30059E-01
*** defect info ***
r  =  3.71700E-01
h  =  6.67088E-02
