*** transform info ***
phi = 1.75689E+02
dx  = 1.50186E+00
dy  = -7.37910E-01
*** defect info ***
r  =  7.98985E-01
h  =  1.10099E-01
