*** transform info ***
phi = 1.47659E+01
dx  = -7.22302E+00
dy  = 2.31558E+00
*** defect info ***
r  =  4.70205E-01
h  =  1.53209E-01
