*** transform info ***
phi = 6.35931E+01
dx  = -7.04360E+00
dy  = -3.80041E+00
*** defect info ***
r  =  4.94803E-01
h  =  8.76827E-02
