*** transform info ***
phi = 7.92764E+01
dx  = -7.62654E+00
dy  = 3.04705E+00
*** defect info ***
r  =  7.11254E-01
h  =  5.75740E-02
