*** transform info ***
phi = 7.20976E+01
dx  = -3.42145E+00
dy  = 5.21024E+00
*** defect info ***
r  =  6.88865E-01
h  =  1.39608E-01
