*** transform info ***
phi = 1.00416E+02
dx  = 5.26381E+00
dy  = -1.79286E+00
*** defect info ***
r  =  1.20112E-01
h  =  1.46497E-01
