*** transform info ***
phi = 1.03908E+02
dx  = -4.66439E+00
dy  = 2.66191E+00
*** defect info ***
r  =  6.10008E-01
h  =  1.97991E-01
