*** transform info ***
phi = 1.92174E+01
dx  = -4.08607E+00
dy  = -2.92521E+00
*** defect info ***
r  =  1.53468E-01
h  =  1.02830E-01
