*** transform info ***
phi = 1.10688E+02
dx  = -1.89873E-02
dy  = -2.32631E+00
*** defect info ***
r  =  1.29487E-01
h  =  1.33724E-01
