*** transform info ***
phi = 1.14233E+02
dx  = -4.18402E+00
dy  = -2.56830E+00
*** defect info ***
r  =  5.65548E-01
h  =  7.70439E-02
