*** transform info ***
phi = 1.68178E+02
dx  = 6.35410E+00
dy  = -3.41034E-01
*** defect info ***
r  =  7.01796E-01
h  =  1.14405E-01
