*** transform info ***
phi = 6.06049E+00
dx  = 5.27864E+00
dy  = 1.04051E+00
*** defect info ***
r  =  4.68691E-01
h  =  7.83859E-02
