*** transform info ***
phi = 1.28356E+02
dx  = 7.37767E+00
dy  = -2.53711E-01
*** defect info ***
r  =  7.39456E-01
h  =  1.23534E-01
