*** transform info ***
phi = 1.93840E+01
dx  = 1.96223E+00
dy  = 2.00817E-02
*** defect info ***
r  =  2.39563E-01
h  =  1.38231E-01
