*** transform info ***
phi = 4.80403E+01
dx  = 9.75937E-01
dy  = -5.14428E+00
*** defect info ***
r  =  1.11366E-01
h  =  8.50613E-02
