*** transform info ***
phi = 1.62166E+02
dx  = 1.49280E+00
dy  = -3.97940E+00
*** defect info ***
r  =  3.63535E-01
h  =  1.68986E-01
