*** transform info ***
phi = 7.80689E+01
dx  = 4.22544E+00
dy  = -1.01586E+00
*** defect info ***
r  =  7.49409E-01
h  =  1.52652E-01
