*** transform info ***
phi = 1.38617E+02
dx  = 4.33139E+00
dy  = -4.05433E+00
*** defect info ***
r  =  5.15796E-01
h  =  1.51993E-01
