*** transform info ***
phi = 9.65282E+01
dx  = 4.41813E+00
dy  = 1.73308E+00
*** defect info ***
r  =  1.20749E-01
h  =  6.63899E-02
