*** transform info ***
phi = 6.34126E+01
dx  = -7.46444E+00
dy  = -3.60717E+00
*** defect info ***
r  =  2.88756E-01
h  =  1.70851E-01
