*** transform info ***
phi = 1.18102E-01
dx  = -3.09394E+00
dy  = 4.89903E-02
*** defect info ***
r  =  3.97814E-01
h  =  8.71714E-02
