*** transform info ***
phi = 9.22051E+01
dx  = -1.39033E+00
dy  = 3.30722E+00
*** defect info ***
r  =  4.29122E-01
h  =  1.32624E-01
