*** transform info ***
phi = 1.30522E+02
dx  = -1.88458E+00
dy  = 2.44061E+00
*** defect info ***
r  =  2.64290E-01
h  =  1.93411E-01
