*** transform info ***
phi = 1.53955E+02
dx  = -5.06591E+00
dy  = -3.27677E+00
*** defect info ***
r  =  1.63953E-01
h  =  7.36918E-02
