*** transform info ***
phi = 3.50837E+01
dx  = -1.50182E+00
dy  = -1.45641E+00
*** defect info ***
r  =  2.65146E-01
h  =  1.71775E-01
