*** transform info ***
phi = 7.28604E+01
dx  = 5.13927E-02
dy  = 2.92177E+00
*** defect info ***
r  =  7.42704E-01
h  =  1.58049E-01
