*** transform info ***
phi = 1.52320E+02
dx  = -3.44380E+00
dy  = 3.55017E+00
*** defect info ***
r  =  5.78576E-01
h  =  1.34072E-01
