*** transform info ***
phi = 1.49464E+02
dx  = -5.95400E+00
dy  = -4.63938E-01
*** defect info ***
r  =  7.66533E-01
h  =  1.12397E-01
