*** transform info ***
phi = 8.52393E+01
dx  = 2.87064E-01
dy  = 3.04727E+00
*** defect info ***
r  =  7.78506E-01
h  =  7.24816E-02
