*** transform info ***
phi = 6.41621E+01
dx  = 5.85018E+00
dy  = 5.00859E-01
*** defect info ***
r  =  3.03682E-01
h  =  1.84012E-01
