*** transform info ***
phi = 1.33733E+02
dx  = 5.29741E-01
dy  = -2.14417E-01
*** defect info ***
r  =  2.32294E-01
h  =  1.57392E-01
