*** transform info ***
phi = 1.43253E+02
dx  = -1.93291E+00
dy  = -1.19287E+00
*** defect info ***
r  =  3.77795E-01
h  =  1.74813E-01
