*** transform info ***
phi = 5.63576E+01
dx  = -3.90279E-01
dy  = -2.18475E+00
*** defect info ***
r  =  6.77545E-01
h  =  7.65342E-02
