*** transform info ***
phi = 1.44701E+02
dx  = -2.20631E+00
dy  = -2.73603E+00
*** defect info ***
r  =  4.05398E-01
h  =  5.65911E-02
