*** transform info ***
phi = 1.61898E+02
dx  = -2.93418E+00
dy  = 1.61240E+00
*** defect info ***
r  =  6.08790E-01
h  =  1.67784E-01
