*** transform info ***
phi = 1.13758E+02
dx  = -6.48279E+00
dy  = -1.61315E+00
*** defect info ***
r  =  7.21884E-01
h  =  1.77791E-01
