*** transform info ***
phi = 7.66951E+01
dx  = -6.15094E+00
dy  = 3.20568E+00
*** defect info ***
r  =  5.46839E-01
h  =  7.68217E-02
