*** transform info ***
phi = 1.55184E+02
dx  = 1.25123E+00
dy  = 4.37340E+00
*** defect info ***
r  =  1.83348E-01
h  =  1.02466E-01
