*** transform info ***
phi = 1.68890E+02
dx  = -7.79329E-01
dy  = -3.74058E+00
*** defect info ***
r  =  4.05439E-01
h  =  1.60833E-01
