*** transform info ***
phi = 1.64785E+02
dx  = 6.79793E+00
dy  = -4.83737E+00
*** defect info ***
r  =  3.88078E-01
h  =  1.10644E-01
