*** transform info ***
phi = 9.46794E+01
dx  = 9.90621E-01
dy  = 2.61962E+00
*** defect info ***
r  =  1.05488E-01
h  =  1.20115E-01
