*** transform info ***
phi = 2.30833E+01
dx  = 1.43099E+00
dy  = 3.12694E+00
*** defect info ***
r  =  1.15011E-01
h  =  1.13642E-01
