*** transform info ***
phi = 1.13164E+02
dx  = 2.73533E+00
dy  = 1.95690E+00
*** defect info ***
r  =  7.23476E-01
h  =  9.04894E-02
