*** transform info ***
phi = 1.22324E+01
dx  = -1.04229E+00
dy  = 3.97656E+00
*** defect info ***
r  =  6.62192E-01
h  =  5.45457E-02
