*** transform info ***
phi = 1.50001E+02
dx  = 6.63726E-01
dy  = 1.07712E+00
*** defect info ***
r  =  6.73574E-01
h  =  6.24736E-02
