*** transform info ***
phi = 1.26602E+01
dx  = 7.46747E+00
dy  = -3.37796E-01
*** defect info ***
r  =  7.06510E-01
h  =  1.35842E-01
