*** transform info ***
phi = 1.63068E+02
dx  = 2.57246E+00
dy  = 3.74849E+00
*** defect info ***
r  =  5.28690E-01
h  =  1.22772E-01
