*** transform info ***
phi = 1.04491E+02
dx  = -2.08987E-01
dy  = -1.23659E+00
*** defect info ***
r  =  7.79936E-01
h  =  1.68339E-01
