*** transform info ***
phi = 1.43822E+01
dx  = -6.51584E+00
dy  = 1.04132E-01
*** defect info ***
r  =  5.65383E-01
h  =  1.66913E-01
