*** transform info ***
phi = 3.80634E+01
dx  = -1.72820E+00
dy  = -2.07329E+00
*** defect info ***
r  =  4.56118E-01
h  =  8.61983E-02
