*** transform info ***
phi = 5.73541E+01
dx  = 5.03134E+00
dy  = 5.62926E-01
*** defect info ***
r  =  5.73781E-01
h  =  1.80326E-01
