*** transform info ***
phi = 6.46038E+01
dx  = 7.19115E+00
dy  = -4.01996E-01
*** defect info ***
r  =  4.16617E-01
h  =  7.40913E-02
