*** transform info ***
phi = 7.57797E+01
dx  = 2.34660E+00
dy  = 1.16770E+00
*** defect info ***
r  =  5.70751E-01
h  =  1.02806E-01
