*** transform info ***
phi = 1.02365E+02
dx  = -4.33381E+00
dy  = 2.05893E-01
*** defect info ***
r  =  5.25257E-01
h  =  1.21147E-01
