*** transform info ***
phi = 2.34263E+01
dx  = 2.02283E+00
dy  = -3.77650E-01
*** defect info ***
r  =  2.39822E-01
h  =  1.89403E-01
