*** transform info ***
phi = 1.14599E+02
dx  = 5.43687E-01
dy  = 3.88250E-01
*** defect info ***
r  =  2.25194E-01
h  =  6.29637E-02
