*** transform info ***
phi = 1.45175E+02
dx  = -4.07875E+00
dy  = -6.42015E+00
*** defect info ***
r  =  4.62341E-01
h  =  1.20612E-01
