*** transform info ***
phi = 1.74452E+02
dx  = -7.12441E+00
dy  = -1.47152E+00
*** defect info ***
r  =  5.07746E-01
h  =  1.18022E-01
