*** transform info ***
phi = 1.00916E+01
dx  = 6.55120E+00
dy  = -2.99781E-01
*** defect info ***
r  =  2.03108E-01
h  =  1.27522E-01
