*** transform info ***
phi = 2.66525E+01
dx  = -5.94913E+00
dy  = -3.22355E-01
*** defect info ***
r  =  5.40381E-01
h  =  1.39887E-01
