*** transform info ***
phi = 1.62769E+02
dx  = 1.23553E-01
dy  = -4.31925E+00
*** defect info ***
r  =  4.07668E-01
h  =  1.84085E-01
