*** transform info ***
phi = 9.90182E+01
dx  = -2.59833E+00
dy  = 3.07982E+00
*** defect info ***
r  =  4.46377E-01
h  =  1.17008E-01
