*** transform info ***
phi = 6.77941E+01
dx  = -7.40476E+00
dy  = -1.83298E+00
*** defect info ***
r  =  4.39298E-01
h  =  1.47752E-01
