*** transform info ***
phi = 1.44591E+02
dx  = 5.09470E+00
dy  = -2.71295E+00
*** defect info ***
r  =  5.29422E-01
h  =  7.71695E-02
