*** transform info ***
phi = 1.41827E+02
dx  = 1.85128E+00
dy  = 5.28521E+00
*** defect info ***
r  =  4.50295E-01
h  =  6.93892E-02
