*** transform info ***
phi = 2.61757E+01
dx  = 9.56422E-01
dy  = 3.95304E+00
*** defect info ***
r  =  2.32696E-01
h  =  1.35735E-01
