*** transform info ***
phi = 3.37847E+01
dx  = 9.97605E-01
dy  = -3.58137E+00
*** defect info ***
r  =  3.51988E-01
h  =  1.27350E-01
