*** transform info ***
phi = 8.71521E+01
dx  = 5.86063E+00
dy  = -4.54915E+00
*** defect info ***
r  =  6.03421E-01
h  =  3.12039E-01
