*** transform info ***
phi = 1.73496E+02
dx  = 3.55456E+00
dy  = 1.96049E+00
*** defect info ***
r  =  7.38526E-01
h  =  9.94693E-02
