*** transform info ***
phi = 1.26943E+02
dx  = -5.69141E+00
dy  = 1.45855E+00
*** defect info ***
r  =  5.34955E-01
h  =  2.18509E-01
