*** transform info ***
phi = 1.68194E+02
dx  = 5.38737E+00
dy  = -4.15452E+00
*** defect info ***
r  =  1.55858E-01
h  =  1.72208E-01
