*** transform info ***
phi = 1.75421E+02
dx  = -4.57308E+00
dy  = 4.53422E-01
*** defect info ***
r  =  4.75096E-01
h  =  1.47916E-01
