*** transform info ***
phi = 1.41064E+00
dx  = 2.36626E+00
dy  = 2.15698E+00
*** defect info ***
r  =  4.56309E-01
h  =  8.18653E-02
