*** transform info ***
phi = 5.63411E+01
dx  = -6.94504E+00
dy  = -2.50964E+00
*** defect info ***
r  =  9.16684E-01
h  =  2.91720E-01
