*** transform info ***
phi = 1.42683E+02
dx  = 6.43894E+00
dy  = 1.60262E+00
*** defect info ***
r  =  2.29275E-01
h  =  1.43743E-01
