*** transform info ***
phi = 1.40426E+02
dx  = -4.05534E+00
dy  = 9.88542E-01
*** defect info ***
r  =  2.81799E-01
h  =  7.66070E-02
