*** transform info ***
phi = 8.39129E+01
dx  = 7.10835E+00
dy  = 4.06505E+00
*** defect info ***
r  =  5.04149E-01
h  =  1.82574E-01
