*** transform info ***
phi = 5.12528E+01
dx  = 4.18152E+00
dy  = 2.91710E+00
*** defect info ***
r  =  8.67212E-01
h  =  3.67414E-01
