*** transform info ***
phi = 6.76263E+01
dx  = -4.00850E+00
dy  = 5.91509E+00
*** defect info ***
r  =  6.40332E-01
h  =  5.21080E-02
