*** transform info ***
phi = 5.39972E+01
dx  = 4.05422E+00
dy  = 4.79915E+00
*** defect info ***
r  =  5.14392E-01
h  =  2.61728E-01
