*** transform info ***
phi = 1.48978E+02
dx  = 1.04084E+00
dy  = -8.23228E-01
*** defect info ***
r  =  4.87631E-01
h  =  1.93830E-01
