*** transform info ***
phi = 8.86952E+01
dx  = -3.27436E+00
dy  = 2.12372E+00
*** defect info ***
r  =  4.70478E-01
h  =  2.92072E-01
