*** transform info ***
phi = 1.11743E+02
dx  = 1.60494E+00
dy  = 2.80774E+00
*** defect info ***
r  =  4.32154E-01
h  =  1.79438E-01
