*** transform info ***
phi = 1.11379E+02
dx  = 4.17836E+00
dy  = -2.26983E+00
*** defect info ***
r  =  7.51150E-01
h  =  1.86576E-01
