*** transform info ***
phi = 1.14189E+02
dx  = -1.56200E-01
dy  = 2.63932E+00
*** defect info ***
r  =  5.85380E-01
h  =  1.87738E-01
