*** transform info ***
phi = 7.15715E-02
dx  = 6.79579E+00
dy  = -1.40684E+00
*** defect info ***
r  =  5.26322E-01
h  =  1.19377E-01
