*** transform info ***
phi = 1.16234E+02
dx  = 2.84590E+00
dy  = -8.57602E-02
*** defect info ***
r  =  2.89953E-01
h  =  1.11858E-01
