*** transform info ***
phi = 4.67002E+01
dx  = -1.84068E+00
dy  = -4.41407E+00
*** defect info ***
r  =  1.95267E-01
h  =  7.10013E-02
