*** transform info ***
phi = 6.33084E+01
dx  = -6.25634E+00
dy  = 5.72557E+00
*** defect info ***
r  =  1.52388E-01
h  =  1.84497E-01
