*** transform info ***
phi = 1.70248E+02
dx  = 9.54232E-01
dy  = -2.95942E+00
*** defect info ***
r  =  5.08473E-01
h  =  1.68909E-01
