*** transform info ***
phi = 6.14525E+01
dx  = 3.72331E-02
dy  = -3.66831E+00
*** defect info ***
r  =  2.58120E-01
h  =  9.68984E-02
