*** transform info ***
phi = 8.28911E+01
dx  = -4.83198E+00
dy  = -1.11371E+00
*** defect info ***
r  =  1.92602E-01
h  =  1.29005E-01
