*** transform info ***
phi = 3.34443E+01
dx  = 1.01053E-01
dy  = 1.74162E-02
*** defect info ***
r  =  9.32947E-01
h  =  2.58611E-01
