*** transform info ***
phi = 1.73592E+02
dx  = -3.33430E-01
dy  = 6.60926E-01
*** defect info ***
r  =  1.43424E-01
h  =  9.25268E-02
