*** transform info ***
phi = 7.08141E+01
dx  = -6.41063E+00
dy  = -1.63724E+00
*** defect info ***
r  =  3.61801E-01
h  =  6.20757E-02
