*** transform info ***
phi = 6.09396E+01
dx  = -1.88930E+00
dy  = -2.54832E+00
*** defect info ***
r  =  2.12890E-01
h  =  1.39144E-01
