*** transform info ***
phi = 1.18813E+02
dx  = 1.99724E+00
dy  = 3.65736E+00
*** defect info ***
r  =  7.40302E-01
h  =  1.30288E-01
