*** transform info ***
phi = 1.11868E+01
dx  = -7.62385E+00
dy  = -2.68149E+00
*** defect info ***
r  =  9.11748E-01
h  =  3.55669E-01
