*** transform info ***
phi = 1.03277E+02
dx  = 1.71122E-01
dy  = 3.63737E+00
*** defect info ***
r  =  4.53534E-01
h  =  1.96583E-01
