*** transform info ***
phi = 4.94683E+01
dx  = 5.52609E+00
dy  = -2.52545E+00
*** defect info ***
r  =  6.93333E-01
h  =  1.46014E-01
