*** transform info ***
phi = 8.13851E+01
dx  = 7.51581E+00
dy  = -4.94084E-01
*** defect info ***
r  =  3.52505E-01
h  =  1.76466E-01
