*** transform info ***
phi = 1.42557E+01
dx  = -2.57866E+00
dy  = -3.03824E+00
*** defect info ***
r  =  6.71404E-01
h  =  5.55023E-02
