*** transform info ***
phi = 7.78641E+01
dx  = 4.82217E+00
dy  = 9.31276E-02
*** defect info ***
r  =  2.04051E-01
h  =  8.74808E-02
