*** transform info ***
phi = 1.30794E+02
dx  = 1.52859E+00
dy  = -4.00516E+00
*** defect info ***
r  =  2.23944E-01
h  =  1.57321E-01
