*** transform info ***
phi = 1.52258E+02
dx  = 5.16569E-01
dy  = 2.41030E+00
*** defect info ***
r  =  4.61896E-01
h  =  7.60892E-02
