*** transform info ***
phi = 2.52490E+01
dx  = -2.33170E+00
dy  = 1.96994E+00
*** defect info ***
r  =  8.86031E-01
h  =  3.24799E-01
