*** transform info ***
phi = 1.01059E+02
dx  = 9.87956E-01
dy  = -3.90767E+00
*** defect info ***
r  =  7.98522E-01
h  =  1.33266E-01
