*** transform info ***
phi = 5.87718E+01
dx  = 2.14538E+00
dy  = 5.23194E+00
*** defect info ***
r  =  4.63533E-01
h  =  1.34106E-01
