*** transform info ***
phi = 1.44179E+02
dx  = -1.54619E+00
dy  = 5.13366E+00
*** defect info ***
r  =  6.10463E-01
h  =  8.78539E-02
