*** transform info ***
phi = 4.77367E+01
dx  = 6.61062E+00
dy  = -1.47691E+00
*** defect info ***
r  =  5.26188E-01
h  =  8.83744E-02
