*** transform info ***
phi = 1.45925E+02
dx  = -4.27890E-01
dy  = -5.87711E+00
*** defect info ***
r  =  4.93364E-01
h  =  5.34735E-02
