*** transform info ***
phi = 1.65255E+02
dx  = 7.59373E+00
dy  = -4.83286E-02
*** defect info ***
r  =  5.55039E-01
h  =  1.52084E-01
