*** transform info ***
phi = 1.60147E+02
dx  = -5.28064E+00
dy  = 9.00077E-01
*** defect info ***
r  =  6.95460E-01
h  =  9.72701E-02
