*** transform info ***
phi = 3.07776E+01
dx  = 4.94673E+00
dy  = 1.35253E+00
*** defect info ***
r  =  7.35821E-01
h  =  1.29023E-01
