*** transform info ***
phi = 9.94119E+01
dx  = -6.21166E+00
dy  = -1.03556E+00
*** defect info ***
r  =  3.79075E-01
h  =  5.29622E-02
