*** transform info ***
phi = 1.37148E+02
dx  = 1.13065E+00
dy  = 7.11794E+00
*** defect info ***
r  =  1.43305E-01
h  =  1.95834E-01
