*** transform info ***
phi = 1.30729E+02
dx  = -4.92245E-01
dy  = 1.23560E-01
*** defect info ***
r  =  8.47439E-01
h  =  3.76658E-01
