*** transform info ***
phi = 1.34532E+02
dx  = 2.21939E+00
dy  = -5.57084E+00
*** defect info ***
r  =  6.63634E-01
h  =  1.20938E-01
