*** transform info ***
phi = 1.38178E+02
dx  = -2.82179E+00
dy  = -2.08199E+00
*** defect info ***
r  =  4.00055E-01
h  =  1.58902E-01
