*** transform info ***
phi = 6.16548E+01
dx  = -6.12712E+00
dy  = 5.99480E+00
*** defect info ***
r  =  2.07487E-01
h  =  9.59924E-02
