*** transform info ***
phi = 2.94471E+01
dx  = -1.35050E+00
dy  = 1.37249E+00
*** defect info ***
r  =  9.12163E-01
h  =  3.41220E-01
