*** transform info ***
phi = 1.40301E+02
dx  = 2.86493E+00
dy  = 1.35434E+00
*** defect info ***
r  =  4.57021E-01
h  =  1.63848E-01
