*** transform info ***
phi = 4.51975E+01
dx  = -1.55402E+00
dy  = -5.76347E+00
*** defect info ***
r  =  5.39983E-01
h  =  1.88847E-01
