*** transform info ***
phi = 1.28012E+02
dx  = -5.70293E-01
dy  = 5.48240E+00
*** defect info ***
r  =  3.71300E-01
h  =  1.03088E-01
