*** transform info ***
phi = 1.61434E+00
dx  = 7.11765E+00
dy  = 9.89541E-01
*** defect info ***
r  =  1.36558E-01
h  =  1.80596E-01
