*** transform info ***
phi = 1.57017E+02
dx  = -7.34506E-01
dy  = -2.50101E+00
*** defect info ***
r  =  6.92004E-01
h  =  7.99528E-02
