*** transform info ***
phi = 7.23630E+01
dx  = 4.37559E+00
dy  = -1.80065E+00
*** defect info ***
r  =  3.36047E-01
h  =  6.99137E-02
