*** transform info ***
phi = 1.50603E+02
dx  = -3.39223E+00
dy  = 1.88850E+00
*** defect info ***
r  =  8.55158E-01
h  =  1.76782E-01
