*** transform info ***
phi = 1.43664E+02
dx  = -4.92335E+00
dy  = 1.93360E+00
*** defect info ***
r  =  4.29009E-01
h  =  5.87813E-02
