*** transform info ***
phi = 7.37283E+01
dx  = -6.62965E+00
dy  = -5.32001E-01
*** defect info ***
r  =  1.97263E-01
h  =  1.92746E-01
