*** transform info ***
phi = 1.39031E+02
dx  = -1.19474E+00
dy  = 4.87173E+00
*** defect info ***
r  =  6.96038E-01
h  =  1.30428E-01
