*** transform info ***
phi = 8.77596E+01
dx  = -4.29853E+00
dy  = 2.50071E+00
*** defect info ***
r  =  2.87134E-01
h  =  1.97602E-01
