*** transform info ***
phi = 2.85990E+01
dx  = 3.19495E+00
dy  = -1.21819E+00
*** defect info ***
r  =  7.20347E-01
h  =  1.50828E-01
