*** transform info ***
phi = 1.04032E+02
dx  = -1.33561E+00
dy  = 3.72696E+00
*** defect info ***
r  =  2.65286E-01
h  =  1.42265E-01
