*** transform info ***
phi = 1.73851E+02
dx  = -2.90115E+00
dy  = -1.78162E-02
*** defect info ***
r  =  7.26949E-01
h  =  7.35967E-02
