*** transform info ***
phi = 5.50721E+01
dx  = -1.48546E+00
dy  = 3.23294E+00
*** defect info ***
r  =  6.52500E-01
h  =  1.42494E-01
