*** transform info ***
phi = 4.52177E+01
dx  = 1.10867E+00
dy  = -1.70035E+00
*** defect info ***
r  =  1.11415E-01
h  =  1.75200E-01
