*** transform info ***
phi = 1.33863E+02
dx  = -4.17236E+00
dy  = -7.73788E-01
*** defect info ***
r  =  1.01417E-01
h  =  1.83176E-01
