*** transform info ***
phi = 1.55095E+02
dx  = -3.00264E+00
dy  = -2.50015E+00
*** defect info ***
r  =  6.26991E-01
h  =  1.48813E-01
