*** transform info ***
phi = 1.56290E+02
dx  = 6.98490E+00
dy  = -6.43225E+00
*** defect info ***
r  =  1.00615E-01
h  =  1.93581E-01
