*** transform info ***
phi = 1.04671E+02
dx  = 5.28293E+00
dy  = -2.18951E+00
*** defect info ***
r  =  5.97106E-01
h  =  1.05364E-01
