*** transform info ***
phi = 1.12442E+02
dx  = -5.41374E+00
dy  = 8.41654E-01
*** defect info ***
r  =  4.02857E-01
h  =  1.24127E-01
