*** transform info ***
phi = 6.61962E+01
dx  = 3.47157E+00
dy  = 1.30636E+00
*** defect info ***
r  =  3.29977E-01
h  =  1.13605E-01
