*** transform info ***
phi = 1.26673E+02
dx  = -9.72523E-01
dy  = 2.69948E+00
*** defect info ***
r  =  2.53783E-01
h  =  5.13814E-02
