*** transform info ***
phi = 1.25570E+02
dx  = 6.56991E+00
dy  = -1.25214E+00
*** defect info ***
r  =  1.99715E-01
h  =  1.30443E-01
