*** transform info ***
phi = 1.43003E+02
dx  = 3.17963E-01
dy  = -6.32697E+00
*** defect info ***
r  =  7.56008E-01
h  =  7.24699E-02
