*** transform info ***
phi = 4.28870E+01
dx  = 3.61866E+00
dy  = -3.88721E+00
*** defect info ***
r  =  4.18186E-01
h  =  1.68089E-01
