*** transform info ***
phi = 1.48320E+02
dx  = 2.45879E+00
dy  = -4.46344E+00
*** defect info ***
r  =  7.51050E-01
h  =  1.65724E-01
