*** transform info ***
phi = 1.54691E+02
dx  = 1.77207E+00
dy  = -1.46914E-01
*** defect info ***
r  =  6.82852E-01
h  =  2.65006E-01
