*** transform info ***
phi = 1.42952E+02
dx  = -5.15128E+00
dy  = 1.72226E+00
*** defect info ***
r  =  4.17342E-01
h  =  1.88113E-01
