*** transform info ***
phi = 5.52579E+01
dx  = 2.59540E+00
dy  = 6.85887E+00
*** defect info ***
r  =  7.29435E-01
h  =  1.77908E-01
