*** transform info ***
phi = 6.85132E+01
dx  = 6.08005E+00
dy  = 1.39757E+00
*** defect info ***
r  =  4.07197E-01
h  =  1.32846E-01
