*** transform info ***
phi = 1.68821E+02
dx  = 1.31299E+00
dy  = -2.24174E+00
*** defect info ***
r  =  6.67669E-01
h  =  1.82587E-01
