*** transform info ***
phi = 9.41908E+00
dx  = 1.25272E+00
dy  = -2.01393E-01
*** defect info ***
r  =  3.12100E-01
h  =  6.25275E-02
