*** transform info ***
phi = 1.42480E+02
dx  = 6.11927E+00
dy  = 2.50679E+00
*** defect info ***
r  =  1.16359E+00
h  =  1.00508E-01
