*** transform info ***
phi = 4.93721E+01
dx  = -2.90008E-01
dy  = 6.23855E+00
*** defect info ***
r  =  6.29381E-01
h  =  2.60036E-01
