*** transform info ***
phi = 1.76695E+02
dx  = 5.92962E+00
dy  = -4.90762E+00
*** defect info ***
r  =  2.24005E-01
h  =  1.38421E-01
