*** transform info ***
phi = 1.42870E+02
dx  = -1.47303E+00
dy  = -2.54768E+00
*** defect info ***
r  =  4.36318E-01
h  =  5.29441E-02
