*** transform info ***
phi = 1.68677E+02
dx  = 5.52374E+00
dy  = 2.83157E+00
*** defect info ***
r  =  6.30019E-01
h  =  5.73057E-02
