*** transform info ***
phi = 1.18327E+02
dx  = 4.90237E+00
dy  = -1.50219E-01
*** defect info ***
r  =  3.99307E-01
h  =  1.00413E-01
