*** transform info ***
phi = 1.28099E+01
dx  = 7.64617E+00
dy  = 2.52533E+00
*** defect info ***
r  =  3.08196E-01
h  =  8.19979E-02
