*** transform info ***
phi = 1.23239E+02
dx  = -1.30889E+00
dy  = -3.98579E+00
*** defect info ***
r  =  1.88973E-01
h  =  1.23136E-01
