*** transform info ***
phi = 8.53499E+01
dx  = 2.73659E+00
dy  = 1.51198E+00
*** defect info ***
r  =  7.46918E-01
h  =  3.03319E-01
