*** transform info ***
phi = 1.41449E+02
dx  = -3.31141E+00
dy  = 1.53929E+00
*** defect info ***
r  =  7.91389E-01
h  =  1.05066E-01
