*** transform info ***
phi = 1.74868E+02
dx  = -1.16872E+00
dy  = -6.77982E-01
*** defect info ***
r  =  3.37800E-01
h  =  1.58243E-01
