*** transform info ***
phi = 9.99965E+01
dx  = -5.57773E+00
dy  = 2.87347E+00
*** defect info ***
r  =  2.92945E-01
h  =  1.13590E-01
