*** transform info ***
phi = 1.76252E+02
dx  = 3.42608E+00
dy  = 4.87589E+00
*** defect info ***
r  =  5.76692E-01
h  =  1.58887E-01
