*** transform info ***
phi = 1.08116E+01
dx  = -6.27988E+00
dy  = 1.00960E+00
*** defect info ***
r  =  6.48175E-01
h  =  8.29505E-02
