*** transform info ***
phi = 8.85065E+01
dx  = -2.87081E+00
dy  = -3.80590E+00
*** defect info ***
r  =  4.80021E-01
h  =  3.27748E-01
