*** transform info ***
phi = 1.39944E+02
dx  = -1.34348E+00
dy  = -4.86017E+00
*** defect info ***
r  =  4.13462E-01
h  =  1.21993E-01
