*** transform info ***
phi = 7.64349E+01
dx  = 8.03883E-01
dy  = 2.71251E+00
*** defect info ***
r  =  5.24823E-01
h  =  1.58420E-01
