*** transform info ***
phi = 1.76417E+02
dx  = -2.44640E+00
dy  = 2.42187E-01
*** defect info ***
r  =  1.13593E+00
h  =  1.39966E-01
