*** transform info ***
phi = 7.72964E+00
dx  = -2.23743E+00
dy  = -1.88885E+00
*** defect info ***
r  =  2.95483E-01
h  =  1.68771E-01
