*** transform info ***
phi = 1.26695E+02
dx  = 4.46437E+00
dy  = 1.49465E+00
*** defect info ***
r  =  6.82100E-01
h  =  1.36513E-01
