*** transform info ***
phi = 7.86156E+01
dx  = -5.94484E+00
dy  = -1.23496E-02
*** defect info ***
r  =  2.53326E-01
h  =  1.27672E-01
