*** transform info ***
phi = 4.98808E+01
dx  = -1.18514E+00
dy  = -1.53933E+00
*** defect info ***
r  =  7.52307E-01
h  =  1.13922E-01
