*** transform info ***
phi = 3.45509E+01
dx  = 6.81774E-01
dy  = -1.91020E+00
*** defect info ***
r  =  7.39573E-01
h  =  2.76481E-01
