*** transform info ***
phi = 3.50777E+01
dx  = 4.03515E+00
dy  = 1.31961E-02
*** defect info ***
r  =  6.39553E-01
h  =  3.56303E-01
