*** transform info ***
phi = 4.42565E+01
dx  = 3.71310E+00
dy  = 1.52081E+00
*** defect info ***
r  =  4.72195E-01
h  =  3.47379E-01
