*** transform info ***
phi = 6.27494E+01
dx  = 7.30885E+00
dy  = 3.98526E+00
*** defect info ***
r  =  5.42462E-01
h  =  2.31701E-01
