*** transform info ***
phi = 1.60709E+02
dx  = -3.95555E+00
dy  = -2.48972E+00
*** defect info ***
r  =  8.91282E-01
h  =  2.78580E-01
