*** transform info ***
phi = 8.68870E+01
dx  = -7.92328E+00
dy  = 4.90437E+00
*** defect info ***
r  =  1.17458E+00
h  =  2.24372E-01
