*** transform info ***
phi = 2.66768E+01
dx  = 6.39450E-01
dy  = -3.64561E+00
*** defect info ***
r  =  1.14427E+00
h  =  2.70728E-01
