*** transform info ***
phi = 1.62393E+02
dx  = 1.72156E+00
dy  = 4.48517E+00
*** defect info ***
r  =  3.78503E-01
h  =  1.44302E-01
