*** transform info ***
phi = 1.28736E+02
dx  = -1.31457E+00
dy  = -2.28950E+00
*** defect info ***
r  =  8.57700E-01
h  =  2.77763E-01
