*** transform info ***
phi = 1.74344E+02
dx  = 2.16176E+00
dy  = -4.65746E+00
*** defect info ***
r  =  8.40126E-01
h  =  3.83737E-01
