*** transform info ***
phi = 1.07013E+02
dx  = -1.22972E+00
dy  = 2.95788E+00
*** defect info ***
r  =  7.89241E-01
h  =  3.94260E-01
