*** transform info ***
phi = 1.34207E+02
dx  = 1.36414E+00
dy  = -1.16582E+00
*** defect info ***
r  =  4.06906E-01
h  =  1.14394E-01
