*** transform info ***
phi = 5.74907E+01
dx  = 3.96771E+00
dy  = 3.02733E+00
*** defect info ***
r  =  8.84537E-01
h  =  3.64370E-01
