*** transform info ***
phi = 2.41022E+01
dx  = 1.18843E+00
dy  = 2.79150E-01
*** defect info ***
r  =  7.88574E-01
h  =  1.68825E-01
