*** transform info ***
phi = 6.91118E+01
dx  = 7.56853E+00
dy  = 1.39438E+00
*** defect info ***
r  =  9.75100E-01
h  =  1.87299E-01
