*** transform info ***
phi = 4.21171E+01
dx  = -3.27232E+00
dy  = 3.97736E+00
*** defect info ***
r  =  5.12771E-01
h  =  2.80462E-01
