*** transform info ***
phi = 6.52891E+01
dx  = 3.06245E+00
dy  = 3.68934E+00
*** defect info ***
r  =  7.05298E-01
h  =  2.27585E-01
