*** transform info ***
phi = 9.45211E+01
dx  = 7.22757E+00
dy  = -3.95078E+00
*** defect info ***
r  =  4.32393E-01
h  =  8.09635E-02
