*** transform info ***
phi = 1.50016E+02
dx  = 2.15695E+00
dy  = -1.97352E+00
*** defect info ***
r  =  1.08308E+00
h  =  2.82379E-01
