*** transform info ***
phi = 1.24609E+02
dx  = -3.44144E+00
dy  = 6.11190E-02
*** defect info ***
r  =  6.00457E-01
h  =  3.02220E-01
