*** transform info ***
phi = 1.54348E+02
dx  = -2.80897E+00
dy  = 4.29593E+00
*** defect info ***
r  =  8.30391E-01
h  =  1.48716E-01
