*** transform info ***
phi = 9.78016E+01
dx  = -4.73569E+00
dy  = 1.29684E-01
*** defect info ***
r  =  4.72372E-01
h  =  3.07421E-01
