*** transform info ***
phi = 1.39082E+02
dx  = 9.26079E-01
dy  = 2.24239E+00
*** defect info ***
r  =  7.78768E-01
h  =  1.34813E-01
