*** transform info ***
phi = 4.52039E+01
dx  = -5.32031E+00
dy  = 2.41989E+00
*** defect info ***
r  =  6.42905E-01
h  =  2.31719E-01
