*** transform info ***
phi = 9.84975E+00
dx  = 1.65218E+00
dy  = 1.14287E+00
*** defect info ***
r  =  8.47681E-01
h  =  3.38449E-01
