*** transform info ***
phi = 1.71768E+02
dx  = 5.91035E+00
dy  = -5.15061E+00
*** defect info ***
r  =  4.66491E-01
h  =  3.86688E-01
