*** transform info ***
phi = 1.42526E+02
dx  = 3.27195E+00
dy  = 5.07205E+00
*** defect info ***
r  =  1.18740E+00
h  =  3.99655E-01
