*** transform info ***
phi = 5.55939E+01
dx  = -3.88662E+00
dy  = 3.10561E+00
*** defect info ***
r  =  7.34451E-01
h  =  3.52484E-01
