*** transform info ***
phi = 8.50436E+01
dx  = 1.25023E+00
dy  = 3.17307E+00
*** defect info ***
r  =  1.01480E+00
h  =  2.16695E-01
