*** transform info ***
phi = 1.36316E+02
dx  = 4.04235E+00
dy  = 6.74236E-01
*** defect info ***
r  =  9.20337E-01
h  =  3.52889E-01
