*** transform info ***
phi = 1.49679E+02
dx  = 5.87875E-01
dy  = -1.98464E+00
*** defect info ***
r  =  1.02770E+00
h  =  2.78987E-01
