*** transform info ***
phi = 9.19562E+01
dx  = -6.55796E+00
dy  = -4.03675E+00
*** defect info ***
r  =  7.11809E-01
h  =  1.55659E-01
