*** transform info ***
phi = 9.52814E+01
dx  = 1.33085E+00
dy  = -8.44948E-01
*** defect info ***
r  =  7.84640E-01
h  =  1.91495E-01
