*** transform info ***
phi = 1.09374E+02
dx  = 7.45663E+00
dy  = 1.46927E+00
*** defect info ***
r  =  3.61535E-01
h  =  1.37869E-01
