*** transform info ***
phi = 6.77741E+01
dx  = -5.08307E+00
dy  = 2.00934E+00
*** defect info ***
r  =  2.90989E-01
h  =  1.69259E-01
