*** transform info ***
phi = 1.33523E+02
dx  = 1.11905E+00
dy  = 5.13313E-01
*** defect info ***
r  =  1.16038E+00
h  =  1.36914E-01
