*** transform info ***
phi = 1.18906E+02
dx  = -2.00520E+00
dy  = 2.59026E+00
*** defect info ***
r  =  6.89852E-01
h  =  1.83066E-01
