*** transform info ***
phi = 6.95486E+01
dx  = -7.10952E+00
dy  = -3.49033E+00
*** defect info ***
r  =  7.46429E-01
h  =  2.75118E-01
