*** transform info ***
phi = 1.67786E+02
dx  = 1.80141E+00
dy  = -3.12697E+00
*** defect info ***
r  =  3.41461E-01
h  =  7.74701E-02
