*** transform info ***
phi = 1.07401E+02
dx  = -8.23068E-01
dy  = 2.47637E-01
*** defect info ***
r  =  1.09195E+00
h  =  2.09740E-01
