*** transform info ***
phi = 6.75714E+01
dx  = 6.03745E+00
dy  = -3.68500E+00
*** defect info ***
r  =  6.43689E-01
h  =  2.44036E-01
