*** transform info ***
phi = 1.59364E+02
dx  = 5.82754E+00
dy  = 2.82112E+00
*** defect info ***
r  =  1.15142E+00
h  =  3.90683E-01
