*** transform info ***
phi = 7.30136E+01
dx  = -2.71845E-01
dy  = -2.68159E+00
*** defect info ***
r  =  6.26071E-01
h  =  1.42384E-01
