*** transform info ***
phi = 1.57637E+02
dx  = 3.78487E+00
dy  = 2.20610E+00
*** defect info ***
r  =  8.77416E-01
h  =  3.94041E-01
