*** transform info ***
phi = 1.52529E+02
dx  = 2.50404E+00
dy  = 5.33813E+00
*** defect info ***
r  =  8.76053E-01
h  =  2.06092E-01
