*** transform info ***
phi = 6.59157E+00
dx  = -1.49988E+00
dy  = -1.88703E+00
*** defect info ***
r  =  4.95672E-01
h  =  3.87359E-01
