*** transform info ***
phi = 1.31381E+02
dx  = -5.70838E+00
dy  = -1.86066E+00
*** defect info ***
r  =  1.04189E+00
h  =  2.96156E-01
