*** transform info ***
phi = 4.70025E+00
dx  = -7.78332E+00
dy  = 7.93168E-01
*** defect info ***
r  =  4.31170E-01
h  =  2.11964E-01
