*** transform info ***
phi = 5.03660E+01
dx  = 1.99093E+00
dy  = 5.45676E+00
*** defect info ***
r  =  5.82451E-01
h  =  3.87425E-01
