*** transform info ***
phi = 9.86387E+01
dx  = -5.87539E+00
dy  = 2.19931E+00
*** defect info ***
r  =  1.13576E+00
h  =  1.62801E-01
