*** transform info ***
phi = 1.46679E+02
dx  = 6.72184E+00
dy  = -1.56089E+00
*** defect info ***
r  =  4.57219E-01
h  =  2.56998E-01
