*** transform info ***
phi = 1.60216E+02
dx  = -1.30381E-01
dy  = -1.30632E+00
*** defect info ***
r  =  8.54585E-01
h  =  2.87719E-01
