*** transform info ***
phi = 4.10500E+01
dx  = -1.12236E+00
dy  = -4.14681E+00
*** defect info ***
r  =  8.45654E-01
h  =  2.54603E-01
