*** transform info ***
phi = 5.92583E+01
dx  = 2.90810E+00
dy  = 5.59476E+00
*** defect info ***
r  =  4.25164E-01
h  =  2.36955E-01
