*** transform info ***
phi = 1.38481E+02
dx  = 1.07363E+00
dy  = -2.63057E+00
*** defect info ***
r  =  8.93071E-01
h  =  3.02286E-01
