*** transform info ***
phi = 6.70549E+01
dx  = -6.68659E+00
dy  = -2.62164E+00
*** defect info ***
r  =  8.78760E-01
h  =  2.08745E-01
