*** transform info ***
phi = 9.34104E+01
dx  = 1.96420E+00
dy  = -3.20471E+00
*** defect info ***
r  =  6.15459E-01
h  =  3.24718E-01
