*** transform info ***
phi = 6.12279E+01
dx  = 2.61189E+00
dy  = -9.22279E-01
*** defect info ***
r  =  4.21640E-01
h  =  2.40429E-01
