*** transform info ***
phi = 2.79958E+01
dx  = -1.39692E+00
dy  = -3.01663E-01
*** defect info ***
r  =  2.41343E-01
h  =  1.48657E-01
