*** transform info ***
phi = 1.74077E+02
dx  = 6.05492E+00
dy  = 4.31952E+00
*** defect info ***
r  =  7.21322E-01
h  =  2.61675E-01
