*** transform info ***
phi = 5.29970E+01
dx  = 5.35764E+00
dy  = -7.35772E-01
*** defect info ***
r  =  1.02250E+00
h  =  2.12119E-01
