*** transform info ***
phi = 6.20756E+01
dx  = 1.59884E+00
dy  = 2.71688E+00
*** defect info ***
r  =  8.19260E-01
h  =  1.35953E-01
