*** transform info ***
phi = 4.61059E+00
dx  = -4.57346E+00
dy  = 2.45640E+00
*** defect info ***
r  =  4.73397E-01
h  =  2.78626E-01
