*** transform info ***
phi = 7.65462E+01
dx  = 4.48029E+00
dy  = 3.11148E+00
*** defect info ***
r  =  8.16727E-01
h  =  3.96389E-01
