*** transform info ***
phi = 1.08379E+02
dx  = 1.76960E+00
dy  = 1.00888E+00
*** defect info ***
r  =  9.67146E-01
h  =  1.00700E-01
