*** transform info ***
phi = 1.05395E+02
dx  = 2.38012E+00
dy  = 3.24296E+00
*** defect info ***
r  =  1.11568E+00
h  =  2.40570E-01
