*** transform info ***
phi = 5.65697E+01
dx  = 3.89133E+00
dy  = 7.23342E+00
*** defect info ***
r  =  6.50255E-01
h  =  2.24223E-01
