*** transform info ***
phi = 1.35775E+02
dx  = -1.30917E+00
dy  = 4.75840E+00
*** defect info ***
r  =  7.39738E-01
h  =  1.86658E-01
