*** transform info ***
phi = 1.53267E+02
dx  = 2.98043E+00
dy  = -2.85833E+00
*** defect info ***
r  =  7.37891E-01
h  =  2.93780E-01
