*** transform info ***
phi = 8.57382E+01
dx  = 6.19860E-01
dy  = 3.99985E-01
*** defect info ***
r  =  1.11697E+00
h  =  1.03739E-01
