*** transform info ***
phi = 1.20556E+02
dx  = 2.68642E+00
dy  = -1.11596E-01
*** defect info ***
r  =  1.18778E+00
h  =  3.32432E-01
