*** transform info ***
phi = 1.91131E+00
dx  = 2.82755E+00
dy  = -3.30977E+00
*** defect info ***
r  =  6.35777E-01
h  =  3.21064E-01
