*** transform info ***
phi = 1.55882E+02
dx  = 7.41598E+00
dy  = 7.97996E-01
*** defect info ***
r  =  8.21692E-01
h  =  1.38925E-01
