*** transform info ***
phi = 5.68295E+01
dx  = -4.65637E-01
dy  = -3.98408E-01
*** defect info ***
r  =  7.83344E-01
h  =  1.95715E-01
