*** transform info ***
phi = 1.31919E+02
dx  = 3.97691E+00
dy  = 1.65367E+00
*** defect info ***
r  =  7.43962E-01
h  =  1.89088E-01
