*** transform info ***
phi = 2.73364E+01
dx  = -5.57872E+00
dy  = -1.26110E+00
*** defect info ***
r  =  6.79755E-01
h  =  1.14608E-01
