*** transform info ***
phi = 6.31763E+01
dx  = -4.79671E+00
dy  = 7.01478E+00
*** defect info ***
r  =  4.62059E-01
h  =  2.70364E-01
