*** transform info ***
phi = 1.62696E+02
dx  = -2.00594E+00
dy  = -3.81069E+00
*** defect info ***
r  =  9.02575E-01
h  =  2.35741E-01
