*** transform info ***
phi = 4.80590E+01
dx  = -3.66265E+00
dy  = 6.31707E-01
*** defect info ***
r  =  6.61019E-01
h  =  1.47716E-01
