*** transform info ***
phi = 1.46876E+02
dx  = -1.60158E+00
dy  = -1.43311E+00
*** defect info ***
r  =  1.10081E+00
h  =  3.50990E-01
