*** transform info ***
phi = 3.97916E+01
dx  = 1.12021E+00
dy  = -3.54496E+00
*** defect info ***
r  =  1.16598E+00
h  =  2.72858E-01
