*** transform info ***
phi = 1.42506E+01
dx  = 1.38609E+00
dy  = 2.68727E+00
*** defect info ***
r  =  6.94056E-01
h  =  2.38918E-01
