*** transform info ***
phi = 5.19058E+00
dx  = -1.79239E+00
dy  = 7.94413E-01
*** defect info ***
r  =  1.03158E-01
h  =  1.01684E-01
