*** transform info ***
phi = 1.68890E+02
dx  = 2.84840E+00
dy  = -3.28873E+00
*** defect info ***
r  =  4.12408E-01
h  =  1.66921E-01
