*** transform info ***
phi = 1.37211E+02
dx  = 6.88769E+00
dy  = 8.04849E-01
*** defect info ***
r  =  1.16911E+00
h  =  2.10661E-01
