*** transform info ***
phi = 4.64346E+01
dx  = -3.27652E-01
dy  = 2.00553E-01
*** defect info ***
r  =  1.13568E+00
h  =  2.53115E-01
