*** transform info ***
phi = 3.12307E+01
dx  = 2.18575E+00
dy  = -1.95008E+00
*** defect info ***
r  =  1.01627E+00
h  =  3.93765E-01
