*** transform info ***
phi = 1.76194E+02
dx  = -6.15902E+00
dy  = -1.54131E+00
*** defect info ***
r  =  1.12658E+00
h  =  3.88099E-01
