*** transform info ***
phi = 4.84086E+00
dx  = 5.76910E+00
dy  = 2.81383E+00
*** defect info ***
r  =  9.73989E-01
h  =  2.46957E-01
