*** transform info ***
phi = 5.87788E+01
dx  = -3.94118E+00
dy  = -3.49771E+00
*** defect info ***
r  =  7.62708E-01
h  =  2.50690E-01
