*** transform info ***
phi = 5.99174E+01
dx  = -6.15864E+00
dy  = 2.53004E+00
*** defect info ***
r  =  6.19649E-01
h  =  1.94760E-01
