*** transform info ***
phi = 1.41982E+02
dx  = -3.49657E+00
dy  = 2.80080E+00
*** defect info ***
r  =  6.73355E-01
h  =  3.07147E-01
