*** transform info ***
phi = 6.69435E+01
dx  = -4.97675E-01
dy  = -1.32803E+00
*** defect info ***
r  =  1.08144E+00
h  =  2.55101E-01
