*** transform info ***
phi = 1.63996E+02
dx  = 4.15369E+00
dy  = -2.96711E+00
*** defect info ***
r  =  9.52595E-01
h  =  3.74495E-01
