*** transform info ***
phi = 1.39616E+02
dx  = 7.84725E+00
dy  = 5.88464E-01
*** defect info ***
r  =  4.17978E-01
h  =  3.03300E-01
