*** transform info ***
phi = 6.81975E+01
dx  = 7.43600E+00
dy  = 4.17015E+00
*** defect info ***
r  =  9.73318E-01
h  =  2.26796E-01
