*** transform info ***
phi = 7.07712E+01
dx  = 5.91366E+00
dy  = 3.98883E+00
*** defect info ***
r  =  5.46734E-01
h  =  3.96737E-01
