*** transform info ***
phi = 9.99834E+01
dx  = 7.96765E+00
dy  = -6.69273E-01
*** defect info ***
r  =  4.86104E-01
h  =  1.62998E-01
