*** transform info ***
phi = 1.09122E+02
dx  = -7.31448E+00
dy  = 7.64733E-01
*** defect info ***
r  =  4.38464E-01
h  =  3.22290E-01
