*** transform info ***
phi = 1.76852E+02
dx  = -5.86476E+00
dy  = 4.92603E+00
*** defect info ***
r  =  4.71547E-01
h  =  2.20069E-01
