*** transform info ***
phi = 9.87464E+01
dx  = -6.78580E+00
dy  = -3.66871E-01
*** defect info ***
r  =  7.76110E-01
h  =  3.43773E-01
