*** transform info ***
phi = 6.60100E+01
dx  = 6.20523E+00
dy  = -5.41842E+00
*** defect info ***
r  =  6.03251E-01
h  =  3.20812E-01
