*** transform info ***
phi = 8.79801E+01
dx  = -3.15510E+00
dy  = 2.77247E+00
*** defect info ***
r  =  1.15742E+00
h  =  1.90562E-01
