*** transform info ***
phi = 9.11314E+01
dx  = 6.13627E+00
dy  = 1.21295E+00
*** defect info ***
r  =  4.81382E-01
h  =  1.49394E-01
