*** transform info ***
phi = 1.33900E+02
dx  = 1.26583E+00
dy  = -1.65812E+00
*** defect info ***
r  =  4.11190E-01
h  =  1.84478E-01
