*** transform info ***
phi = 1.14436E+01
dx  = 4.00704E+00
dy  = 1.42863E+00
*** defect info ***
r  =  9.59626E-01
h  =  3.47736E-01
