*** transform info ***
phi = 8.84268E+01
dx  = 7.15611E+00
dy  = 1.14051E+00
*** defect info ***
r  =  4.53571E-01
h  =  3.96319E-01
