*** transform info ***
phi = 2.84380E-01
dx  = 1.73427E-01
dy  = 3.90299E+00
*** defect info ***
r  =  7.82101E-01
h  =  1.04231E-01
