*** transform info ***
phi = 1.75365E+02
dx  = 1.89620E+00
dy  = 3.66304E+00
*** defect info ***
r  =  7.74409E-01
h  =  6.97326E-02
