*** transform info ***
phi = 3.89383E+01
dx  = -2.44062E+00
dy  = 4.46730E+00
*** defect info ***
r  =  1.02610E+00
h  =  2.78143E-01
