*** transform info ***
phi = 7.65786E+00
dx  = 5.52990E+00
dy  = 4.49908E-01
*** defect info ***
r  =  5.00676E-01
h  =  2.56324E-01
