*** transform info ***
phi = 1.28038E+02
dx  = 1.40638E+00
dy  = -5.16122E+00
*** defect info ***
r  =  9.80399E-01
h  =  3.17820E-01
