*** transform info ***
phi = 4.81433E+01
dx  = -4.02967E-01
dy  = -1.40181E+00
*** defect info ***
r  =  5.62351E-01
h  =  1.99667E-01
