*** transform info ***
phi = 1.35576E+02
dx  = 3.37458E+00
dy  = -4.83898E-01
*** defect info ***
r  =  3.82532E-01
h  =  9.09946E-02
