*** transform info ***
phi = 4.45993E+01
dx  = 7.59859E-01
dy  = -3.08057E-01
*** defect info ***
r  =  7.20605E-01
h  =  1.93156E-01
