*** transform info ***
phi = 5.67362E+01
dx  = 2.20302E-01
dy  = 3.42655E+00
*** defect info ***
r  =  8.56722E-01
h  =  3.22287E-01
