*** transform info ***
phi = 1.22143E+01
dx  = 2.26861E+00
dy  = -2.57667E+00
*** defect info ***
r  =  7.59716E-01
h  =  1.68619E-01
