*** transform info ***
phi = 1.34475E+02
dx  = -3.36098E+00
dy  = 4.41847E+00
*** defect info ***
r  =  8.56740E-01
h  =  1.37366E-01
