*** transform info ***
phi = 1.46722E+02
dx  = 6.23607E+00
dy  = -2.54117E+00
*** defect info ***
r  =  4.09443E-01
h  =  2.33426E-01
