*** transform info ***
phi = 4.88428E+01
dx  = 2.22187E+00
dy  = 3.27935E+00
*** defect info ***
r  =  6.75578E-01
h  =  1.46206E-01
