*** transform info ***
phi = 4.68902E+01
dx  = 5.91848E+00
dy  = -9.80252E-02
*** defect info ***
r  =  1.53470E-01
h  =  1.03037E-01
