*** transform info ***
phi = 7.33136E+01
dx  = -2.60045E+00
dy  = -3.46730E+00
*** defect info ***
r  =  5.31840E-01
h  =  3.65529E-01
