*** transform info ***
phi = 1.57534E+02
dx  = 3.79254E-01
dy  = 9.03136E-01
*** defect info ***
r  =  9.72590E-01
h  =  1.23639E-01
