*** transform info ***
phi = 7.84111E+00
dx  = -4.34987E+00
dy  = -1.43020E+00
*** defect info ***
r  =  5.12942E-01
h  =  2.25199E-01
