*** transform info ***
phi = 1.43632E+02
dx  = 2.01849E+00
dy  = 6.02574E+00
*** defect info ***
r  =  1.08387E+00
h  =  3.34479E-01
