*** transform info ***
phi = 1.29801E+02
dx  = -2.64328E+00
dy  = 2.34234E+00
*** defect info ***
r  =  6.51368E-01
h  =  1.39378E-01
