*** transform info ***
phi = 1.68072E+02
dx  = -3.19581E+00
dy  = 4.18086E-01
*** defect info ***
r  =  7.33257E-01
h  =  2.12344E-01
