*** transform info ***
phi = 1.58509E+01
dx  = 5.79430E-02
dy  = 5.50191E-01
*** defect info ***
r  =  9.96466E-01
h  =  1.95093E-01
