*** transform info ***
phi = 7.26717E+01
dx  = 3.52424E+00
dy  = 4.92687E+00
*** defect info ***
r  =  4.02937E-01
h  =  1.38807E-01
