*** transform info ***
phi = 1.57497E+00
dx  = 8.20578E-01
dy  = 1.90678E+00
*** defect info ***
r  =  4.79136E-01
h  =  1.92621E-01
