*** transform info ***
phi = 1.38906E+02
dx  = 2.00884E+00
dy  = 5.11150E+00
*** defect info ***
r  =  7.41113E-01
h  =  7.60227E-02
