*** transform info ***
phi = 3.55568E+01
dx  = -1.14358E+00
dy  = -2.71680E+00
*** defect info ***
r  =  1.16597E+00
h  =  3.73220E-01
