*** transform info ***
phi = 1.08881E+01
dx  = -7.02328E+00
dy  = 1.10982E+00
*** defect info ***
r  =  5.18284E-01
h  =  3.70141E-01
