*** transform info ***
phi = 1.57918E+02
dx  = 6.11686E+00
dy  = 3.16488E+00
*** defect info ***
r  =  1.09678E+00
h  =  2.85979E-01
