*** transform info ***
phi = 7.67029E+01
dx  = -3.43229E+00
dy  = -1.99759E+00
*** defect info ***
r  =  5.41389E-01
h  =  8.32623E-02
