*** transform info ***
phi = 6.03671E+01
dx  = 6.21390E+00
dy  = 5.57193E+00
*** defect info ***
r  =  8.55287E-01
h  =  2.60570E-01
