*** transform info ***
phi = 6.03051E+01
dx  = 4.27863E+00
dy  = -3.83296E+00
*** defect info ***
r  =  4.95229E-01
h  =  3.27986E-01
