*** transform info ***
phi = 8.98460E+01
dx  = -1.40398E+00
dy  = 3.70738E+00
*** defect info ***
r  =  4.78391E-01
h  =  3.67808E-01
