*** transform info ***
phi = 1.22535E+02
dx  = -2.42276E+00
dy  = -1.18985E+00
*** defect info ***
r  =  5.54056E-01
h  =  2.65381E-01
