*** transform info ***
phi = 9.40292E+01
dx  = -3.12016E+00
dy  = 2.02585E-01
*** defect info ***
r  =  9.79911E-01
h  =  3.60779E-01
