*** transform info ***
phi = 1.46549E+02
dx  = 9.95562E-01
dy  = -5.27410E+00
*** defect info ***
r  =  1.11600E+00
h  =  1.30527E-01
