*** transform info ***
phi = 1.62364E+02
dx  = -5.50031E+00
dy  = 3.12247E+00
*** defect info ***
r  =  9.65645E-01
h  =  2.04502E-01
