*** transform info ***
phi = 5.73853E+01
dx  = -5.30170E+00
dy  = -1.51981E+00
*** defect info ***
r  =  5.62367E-01
h  =  3.36360E-01
