*** transform info ***
phi = 1.07504E+02
dx  = 2.10427E+00
dy  = 3.29496E+00
*** defect info ***
r  =  4.13778E-01
h  =  1.49576E-01
