*** transform info ***
phi = 1.00076E+02
dx  = 6.81760E+00
dy  = 2.89531E+00
*** defect info ***
r  =  8.09105E-01
h  =  2.83144E-01
