*** transform info ***
phi = 9.87921E+01
dx  = -6.31374E+00
dy  = -1.25607E+00
*** defect info ***
r  =  7.22329E-01
h  =  3.21364E-01
