*** transform info ***
phi = 7.86135E+01
dx  = 6.47952E+00
dy  = 5.34391E+00
*** defect info ***
r  =  8.74026E-01
h  =  1.07855E-01
