*** transform info ***
phi = 8.25130E+01
dx  = 5.82122E+00
dy  = -2.09597E+00
*** defect info ***
r  =  8.57834E-01
h  =  1.35438E-01
