*** transform info ***
phi = 1.23321E+02
dx  = 6.31813E+00
dy  = -1.49082E+00
*** defect info ***
r  =  4.78540E-01
h  =  1.19225E-01
