*** transform info ***
phi = 9.34843E+01
dx  = -2.06433E+00
dy  = 2.81355E+00
*** defect info ***
r  =  7.17816E-01
h  =  1.07622E-01
