*** transform info ***
phi = 1.73794E+02
dx  = 5.70784E+00
dy  = 3.60802E-01
*** defect info ***
r  =  6.26572E-01
h  =  1.96902E-01
