*** transform info ***
phi = 1.41783E+02
dx  = 2.35892E+00
dy  = -6.22673E+00
*** defect info ***
r  =  1.16647E+00
h  =  3.67208E-01
