*** transform info ***
phi = 9.04465E+01
dx  = -5.47188E+00
dy  = -6.07601E-01
*** defect info ***
r  =  9.18837E-01
h  =  3.51767E-01
