*** transform info ***
phi = 1.79868E+02
dx  = -7.25065E-01
dy  = 1.71331E+00
*** defect info ***
r  =  5.67447E-01
h  =  3.93782E-01
