*** transform info ***
phi = 8.73986E+01
dx  = -7.64648E+00
dy  = 4.24912E+00
*** defect info ***
r  =  4.62546E-01
h  =  2.28795E-01
