*** transform info ***
phi = 1.74136E+02
dx  = 4.79419E+00
dy  = 2.97267E+00
*** defect info ***
r  =  9.47922E-01
h  =  2.54360E-01
