*** transform info ***
phi = 1.01697E+02
dx  = 5.29324E+00
dy  = 2.13199E+00
*** defect info ***
r  =  6.54629E-01
h  =  3.74561E-01
