*** transform info ***
phi = 1.55365E+02
dx  = 3.46704E+00
dy  = -3.96508E+00
*** defect info ***
r  =  7.62939E-01
h  =  2.08350E-01
