*** transform info ***
phi = 1.11012E+02
dx  = -4.81458E+00
dy  = 4.46095E-01
*** defect info ***
r  =  7.87946E-01
h  =  1.39283E-01
