*** transform info ***
phi = 1.61066E+02
dx  = -2.77800E+00
dy  = 4.74349E+00
*** defect info ***
r  =  4.57668E-01
h  =  2.05351E-01
