*** transform info ***
phi = 1.50331E+02
dx  = 1.00559E+00
dy  = -5.41123E+00
*** defect info ***
r  =  7.88177E-01
h  =  1.43737E-01
