*** transform info ***
phi = 1.58366E+02
dx  = -7.50158E+00
dy  = 6.11671E+00
*** defect info ***
r  =  6.50333E-01
h  =  3.49464E-01
