*** transform info ***
phi = 1.05083E+02
dx  = -1.18492E+00
dy  = 2.31385E+00
*** defect info ***
r  =  9.27338E-01
h  =  1.16127E-01
