*** transform info ***
phi = 1.45362E+02
dx  = -6.04610E-01
dy  = 2.99672E-01
*** defect info ***
r  =  6.48279E-01
h  =  3.05309E-01
