*** transform info ***
phi = 7.23114E+01
dx  = -6.27679E+00
dy  = -4.20844E+00
*** defect info ***
r  =  6.99957E-01
h  =  2.69034E-01
