*** transform info ***
phi = 1.54574E+02
dx  = -3.44797E+00
dy  = -2.71987E+00
*** defect info ***
r  =  9.25131E-01
h  =  3.67680E-01
