*** transform info ***
phi = 1.43045E+02
dx  = -9.46941E-02
dy  = -2.19548E+00
*** defect info ***
r  =  2.36116E-01
h  =  5.92188E-02
