*** transform info ***
phi = 7.58927E+01
dx  = 6.73807E+00
dy  = -5.02485E+00
*** defect info ***
r  =  1.02054E+00
h  =  2.83166E-01
