*** transform info ***
phi = 5.64016E+01
dx  = 6.04104E+00
dy  = -1.70078E-01
*** defect info ***
r  =  6.49458E-01
h  =  2.14657E-01
