*** transform info ***
phi = 1.62215E+02
dx  = 7.67786E+00
dy  = 9.14636E-01
*** defect info ***
r  =  9.18126E-01
h  =  1.23873E-01
