*** transform info ***
phi = 1.65582E+02
dx  = -7.97985E+00
dy  = 5.57251E+00
*** defect info ***
r  =  6.79145E-01
h  =  3.62270E-01
