*** transform info ***
phi = 1.50929E+02
dx  = 1.69975E+00
dy  = 4.75145E+00
*** defect info ***
r  =  1.06570E+00
h  =  1.05936E-01
