*** transform info ***
phi = 1.65628E+02
dx  = -1.09738E+00
dy  = -2.93210E+00
*** defect info ***
r  =  9.05507E-01
h  =  1.51131E-01
