*** transform info ***
phi = 3.49033E+01
dx  = 3.78304E+00
dy  = -1.89163E+00
*** defect info ***
r  =  9.48014E-01
h  =  2.85779E-01
