*** transform info ***
phi = 5.52761E+01
dx  = -2.69817E+00
dy  = -3.13202E+00
*** defect info ***
r  =  8.82605E-01
h  =  1.69253E-01
