*** transform info ***
phi = 1.36976E+02
dx  = 4.97352E-01
dy  = -1.09742E+00
*** defect info ***
r  =  8.18345E-01
h  =  3.99381E-01
