*** transform info ***
phi = 1.65295E+02
dx  = 4.75905E+00
dy  = 3.32758E+00
*** defect info ***
r  =  2.11369E-01
h  =  1.51089E-01
