*** transform info ***
phi = 1.24789E+02
dx  = 3.28020E+00
dy  = 3.42167E+00
*** defect info ***
r  =  4.39163E-01
h  =  2.96817E-01
