*** transform info ***
phi = 1.01795E+02
dx  = -7.70232E+00
dy  = 5.70681E-01
*** defect info ***
r  =  4.26374E-01
h  =  1.45013E-01
