*** transform info ***
phi = 8.60895E+01
dx  = 5.32853E+00
dy  = 4.82942E+00
*** defect info ***
r  =  2.15110E-01
h  =  1.54764E-01
