*** transform info ***
phi = 1.41595E+02
dx  = -2.17904E+00
dy  = -3.67213E+00
*** defect info ***
r  =  5.18428E-01
h  =  1.39878E-01
