*** transform info ***
phi = 1.56586E+02
dx  = -4.35006E+00
dy  = 5.44037E-01
*** defect info ***
r  =  7.50520E-01
h  =  2.44898E-01
