*** transform info ***
phi = 6.47186E+01
dx  = -2.01365E+00
dy  = 3.61835E+00
*** defect info ***
r  =  1.12222E+00
h  =  1.92654E-01
