*** transform info ***
phi = 5.18426E+01
dx  = 3.34684E-01
dy  = 6.52884E+00
*** defect info ***
r  =  4.71195E-01
h  =  1.10369E-01
