*** transform info ***
phi = 1.65807E+02
dx  = 2.97426E+00
dy  = 4.72633E+00
*** defect info ***
r  =  1.25368E-01
h  =  1.97280E-01
