*** transform info ***
phi = 3.41567E+01
dx  = -5.97786E+00
dy  = -1.22429E+00
*** defect info ***
r  =  7.82465E-01
h  =  2.22093E-01
