*** transform info ***
phi = 3.11573E+00
dx  = 3.47765E+00
dy  = -1.19117E+00
*** defect info ***
r  =  7.46220E-01
h  =  3.96795E-01
