*** transform info ***
phi = 2.29279E+00
dx  = -6.50327E+00
dy  = 3.07627E+00
*** defect info ***
r  =  7.25842E-01
h  =  3.37003E-01
