*** transform info ***
phi = 6.61634E+01
dx  = 3.85818E+00
dy  = 1.16781E+00
*** defect info ***
r  =  6.48122E-01
h  =  3.86607E-01
