*** transform info ***
phi = 1.04589E+02
dx  = -1.50677E+00
dy  = 3.76787E+00
*** defect info ***
r  =  5.52675E-01
h  =  1.46032E-01
