*** transform info ***
phi = 4.31724E+00
dx  = 6.42198E+00
dy  = 6.87723E-01
*** defect info ***
r  =  7.16033E-01
h  =  3.61641E-01
