*** transform info ***
phi = 5.71299E+01
dx  = 3.06943E+00
dy  = 2.94185E+00
*** defect info ***
r  =  5.25253E-01
h  =  1.76107E-01
