*** transform info ***
phi = 1.65586E+02
dx  = -1.54860E+00
dy  = 2.33010E+00
*** defect info ***
r  =  6.83194E-01
h  =  1.50934E-01
