*** transform info ***
phi = 1.44216E+02
dx  = 1.35791E+00
dy  = -5.67868E+00
*** defect info ***
r  =  6.94308E-01
h  =  2.21232E-01
