*** transform info ***
phi = 5.15898E+01
dx  = -5.52491E+00
dy  = 1.11749E+00
*** defect info ***
r  =  1.07213E+00
h  =  1.03243E-01
