*** transform info ***
phi = 4.29303E+00
dx  = 8.25747E-01
dy  = 1.13868E+00
*** defect info ***
r  =  9.59311E-01
h  =  1.55952E-01
