*** transform info ***
phi = 4.23832E+01
dx  = -2.59024E+00
dy  = -3.21361E+00
*** defect info ***
r  =  7.17785E-01
h  =  3.38889E-01
