*** transform info ***
phi = 8.99909E+01
dx  = 4.30731E+00
dy  = -1.39198E+00
*** defect info ***
r  =  1.19314E+00
h  =  3.70719E-01
