*** transform info ***
phi = 1.79884E+02
dx  = 7.25783E+00
dy  = -3.28279E+00
*** defect info ***
r  =  7.24674E-01
h  =  3.34479E-01
