*** transform info ***
phi = 1.12358E+02
dx  = -7.76142E+00
dy  = -1.08711E+00
*** defect info ***
r  =  1.19929E+00
h  =  3.61740E-01
