*** transform info ***
phi = 7.18632E+01
dx  = -1.27256E+00
dy  = 9.64148E-01
*** defect info ***
r  =  1.16328E+00
h  =  2.16839E-01
