*** transform info ***
phi = 1.28566E+02
dx  = 1.57135E+00
dy  = -3.73399E+00
*** defect info ***
r  =  5.57995E-01
h  =  3.67308E-01
