*** transform info ***
phi = 9.23880E+01
dx  = 3.48947E+00
dy  = 2.00227E+00
*** defect info ***
r  =  5.83271E-01
h  =  3.86107E-01
