*** transform info ***
phi = 1.60572E+02
dx  = -7.02234E+00
dy  = 6.34788E+00
*** defect info ***
r  =  1.11004E+00
h  =  1.58309E-01
