*** transform info ***
phi = 1.13132E+02
dx  = 6.12762E-02
dy  = -3.79691E+00
*** defect info ***
r  =  6.75131E-01
h  =  3.33568E-01
