*** transform info ***
phi = 7.51745E+01
dx  = -4.90578E+00
dy  = 4.98190E+00
*** defect info ***
r  =  1.11093E+00
h  =  2.43114E-01
