*** transform info ***
phi = 6.44780E+01
dx  = 3.28545E+00
dy  = 2.18663E+00
*** defect info ***
r  =  5.20142E-01
h  =  1.02051E-01
