*** transform info ***
phi = 9.86224E+01
dx  = -5.26807E-01
dy  = 1.46904E+00
*** defect info ***
r  =  1.18326E+00
h  =  3.12384E-01
