*** transform info ***
phi = 8.26297E+01
dx  = -6.49214E+00
dy  = -3.90968E+00
*** defect info ***
r  =  5.04542E-01
h  =  3.15932E-01
