*** transform info ***
phi = 1.34181E+02
dx  = 8.98905E-01
dy  = -6.06712E+00
*** defect info ***
r  =  9.30171E-01
h  =  2.74146E-01
