*** transform info ***
phi = 9.05219E+01
dx  = 3.22889E-01
dy  = 2.93105E+00
*** defect info ***
r  =  9.67752E-01
h  =  1.26418E-01
