*** transform info ***
phi = 1.70077E+01
dx  = -2.19877E+00
dy  = -2.74257E+00
*** defect info ***
r  =  1.89079E-01
h  =  1.49214E-01
