*** transform info ***
phi = 1.60734E+01
dx  = 2.75351E-01
dy  = -3.15181E+00
*** defect info ***
r  =  5.73310E-01
h  =  1.38992E-01
