*** transform info ***
phi = 8.31751E+00
dx  = 2.28619E+00
dy  = -5.90716E-01
*** defect info ***
r  =  6.70917E-01
h  =  2.16413E-01
