*** transform info ***
phi = 7.09410E+01
dx  = 2.89898E+00
dy  = 4.54202E+00
*** defect info ***
r  =  8.36802E-01
h  =  1.16618E-01
