*** transform info ***
phi = 5.29886E+01
dx  = 3.63981E+00
dy  = -4.31950E+00
*** defect info ***
r  =  6.13831E-01
h  =  1.26213E-01
