*** transform info ***
phi = 5.38965E+01
dx  = 2.45586E+00
dy  = 7.50702E+00
*** defect info ***
r  =  5.92115E-01
h  =  1.18389E-01
