*** transform info ***
phi = 1.69393E+02
dx  = 2.79640E+00
dy  = 2.08576E+00
*** defect info ***
r  =  6.81858E-01
h  =  3.69932E-01
