*** transform info ***
phi = 1.77845E+02
dx  = 6.69562E-01
dy  = -3.80597E+00
*** defect info ***
r  =  8.12215E-01
h  =  1.12188E-01
