*** transform info ***
phi = 1.38415E+02
dx  = 1.61290E+00
dy  = 4.48256E+00
*** defect info ***
r  =  7.75742E-01
h  =  2.99606E-01
