*** transform info ***
phi = 5.64057E+01
dx  = -4.13975E+00
dy  = 5.75433E+00
*** defect info ***
r  =  1.02258E+00
h  =  2.55393E-01
