*** transform info ***
phi = 1.47910E+02
dx  = -6.82524E+00
dy  = 1.63653E+00
*** defect info ***
r  =  8.58632E-01
h  =  3.44552E-01
