*** transform info ***
phi = 1.40024E+02
dx  = -6.02897E+00
dy  = 1.52528E+00
*** defect info ***
r  =  5.53912E-01
h  =  2.67682E-01
