*** transform info ***
phi = 1.13473E+02
dx  = -1.28963E+00
dy  = 3.25357E+00
*** defect info ***
r  =  8.73624E-01
h  =  3.92081E-01
