*** transform info ***
phi = 7.36979E+01
dx  = 6.32961E+00
dy  = -5.87267E+00
*** defect info ***
r  =  4.30476E-01
h  =  3.38570E-01
