*** transform info ***
phi = 1.41963E+02
dx  = -2.87510E+00
dy  = 7.46289E-01
*** defect info ***
r  =  6.24063E-01
h  =  3.10162E-01
