*** transform info ***
phi = 1.40054E+02
dx  = 6.26073E+00
dy  = -2.24551E+00
*** defect info ***
r  =  1.00817E+00
h  =  2.77386E-01
