*** transform info ***
phi = 1.63862E+02
dx  = -7.09062E+00
dy  = -1.20093E-01
*** defect info ***
r  =  1.12858E+00
h  =  1.49685E-01
