*** transform info ***
phi = 1.43577E+00
dx  = 6.24416E+00
dy  = -1.70807E+00
*** defect info ***
r  =  9.41065E-01
h  =  1.11652E-01
