*** transform info ***
phi = 1.68770E+02
dx  = -6.09443E+00
dy  = 3.19892E+00
*** defect info ***
r  =  5.56732E-01
h  =  1.34243E-01
