*** transform info ***
phi = 6.09330E+01
dx  = 2.39292E+00
dy  = -2.86296E+00
*** defect info ***
r  =  5.32448E-01
h  =  3.44276E-01
