*** transform info ***
phi = 1.14271E+02
dx  = -3.68469E+00
dy  = -1.05867E+00
*** defect info ***
r  =  6.62345E-01
h  =  3.13558E-01
