*** transform info ***
phi = 1.73816E+02
dx  = 2.27140E+00
dy  = -3.86213E+00
*** defect info ***
r  =  8.27965E-01
h  =  2.86790E-01
