*** transform info ***
phi = 7.25148E+01
dx  = -7.73574E+00
dy  = 6.08766E+00
*** defect info ***
r  =  6.75686E-01
h  =  2.64914E-01
