*** transform info ***
phi = 8.94867E+01
dx  = 2.25838E+00
dy  = 3.13382E+00
*** defect info ***
r  =  6.73016E-01
h  =  1.03778E-01
