*** transform info ***
phi = 6.13195E+01
dx  = -6.50550E+00
dy  = -1.96021E+00
*** defect info ***
r  =  6.47581E-01
h  =  1.56933E-01
