*** transform info ***
phi = 9.25942E+01
dx  = -3.96915E+00
dy  = -3.24616E+00
*** defect info ***
r  =  6.29800E-01
h  =  1.18094E-01
