*** transform info ***
phi = 1.42060E+02
dx  = 6.77468E+00
dy  = -9.95457E-01
*** defect info ***
r  =  1.05500E+00
h  =  2.31428E-01
