*** transform info ***
phi = 1.50854E+02
dx  = 2.61789E+00
dy  = -4.71091E+00
*** defect info ***
r  =  6.59040E-01
h  =  1.05621E-01
