*** transform info ***
phi = 1.27567E+02
dx  = 5.21832E+00
dy  = -5.73552E-01
*** defect info ***
r  =  8.02657E-01
h  =  1.73322E-01
