*** transform info ***
phi = 4.26755E+01
dx  = -4.54680E+00
dy  = 3.11958E+00
*** defect info ***
r  =  1.00176E+00
h  =  3.66560E-01
