*** transform info ***
phi = 8.91074E+01
dx  = 5.09732E+00
dy  = -2.84499E+00
*** defect info ***
r  =  6.87611E-01
h  =  3.88840E-01
