*** transform info ***
phi = 5.60319E+01
dx  = -6.95521E-02
dy  = -5.30979E-02
*** defect info ***
r  =  1.12560E+00
h  =  2.20676E-01
