*** transform info ***
phi = 1.02346E+02
dx  = 6.09767E+00
dy  = -2.22730E+00
*** defect info ***
r  =  1.07268E+00
h  =  1.01948E-01
