*** transform info ***
phi = 1.22785E+02
dx  = 3.54367E+00
dy  = 1.43827E+00
*** defect info ***
r  =  5.39741E-01
h  =  3.41384E-01
