*** transform info ***
phi = 1.07158E+02
dx  = -2.90202E+00
dy  = 2.12132E-01
*** defect info ***
r  =  4.57611E-01
h  =  1.23967E-01
