*** transform info ***
phi = 7.44897E+01
dx  = -5.11305E+00
dy  = -1.32295E+00
*** defect info ***
r  =  4.04988E-01
h  =  3.49298E-01
