*** transform info ***
phi = 2.65480E+01
dx  = -7.29451E+00
dy  = -2.18665E-02
*** defect info ***
r  =  1.00916E+00
h  =  1.03476E-01
