*** transform info ***
phi = 1.14518E+02
dx  = -1.99345E+00
dy  = 1.89015E+00
*** defect info ***
r  =  8.44795E-01
h  =  1.59040E-01
