*** transform info ***
phi = 2.97021E-01
dx  = -4.33552E+00
dy  = 1.27358E+00
*** defect info ***
r  =  1.06020E+00
h  =  3.89263E-01
