*** transform info ***
phi = 6.37348E+01
dx  = -6.70742E+00
dy  = 3.13808E+00
*** defect info ***
r  =  7.17703E-01
h  =  3.24803E-01
