*** transform info ***
phi = 1.47353E+02
dx  = -6.35550E+00
dy  = -1.25407E+00
*** defect info ***
r  =  5.15357E-01
h  =  1.93266E-01
