*** transform info ***
phi = 3.43604E+01
dx  = -2.92311E+00
dy  = 3.20904E+00
*** defect info ***
r  =  8.56686E-01
h  =  1.74371E-01
