*** transform info ***
phi = 4.26877E+01
dx  = -3.22495E+00
dy  = 3.37794E+00
*** defect info ***
r  =  1.12199E+00
h  =  2.19759E-01
