*** transform info ***
phi = 3.06937E+01
dx  = 3.59799E+00
dy  = -2.83181E+00
*** defect info ***
r  =  5.12037E-01
h  =  1.45739E-01
