*** transform info ***
phi = 6.43933E+00
dx  = -6.17569E+00
dy  = -3.31517E+00
*** defect info ***
r  =  1.15190E+00
h  =  1.11353E-01
