*** transform info ***
phi = 7.18161E+01
dx  = -6.61893E+00
dy  = 4.58520E+00
*** defect info ***
r  =  4.63337E-01
h  =  2.52297E-01
