*** transform info ***
phi = 7.89055E+01
dx  = 7.76847E+00
dy  = 2.36749E+00
*** defect info ***
r  =  4.28920E-01
h  =  1.55776E-01
