*** transform info ***
phi = 9.54523E+01
dx  = -2.94660E+00
dy  = 1.37474E+00
*** defect info ***
r  =  5.84662E-01
h  =  3.64755E-01
