*** transform info ***
phi = 1.13698E+02
dx  = -7.90580E-01
dy  = -2.14280E+00
*** defect info ***
r  =  4.58021E-01
h  =  2.73933E-01
