*** transform info ***
phi = 1.98810E+01
dx  = 5.43532E+00
dy  = -1.88961E+00
*** defect info ***
r  =  7.01700E-01
h  =  1.41930E-01
