*** transform info ***
phi = 9.54255E+01
dx  = 3.88985E+00
dy  = -1.25568E+00
*** defect info ***
r  =  6.92155E-01
h  =  2.36771E-01
