*** transform info ***
phi = 1.55963E+02
dx  = -7.62930E+00
dy  = 4.58344E+00
*** defect info ***
r  =  9.99337E-01
h  =  3.95465E-01
