*** transform info ***
phi = 5.75744E+01
dx  = 2.39069E+00
dy  = -2.13205E+00
*** defect info ***
r  =  1.04139E+00
h  =  3.01951E-01
