*** transform info ***
phi = 3.85104E+00
dx  = -7.10464E+00
dy  = -1.71195E+00
*** defect info ***
r  =  1.14598E+00
h  =  3.87578E-01
