*** transform info ***
phi = 8.13164E+01
dx  = -4.60352E+00
dy  = -5.04611E+00
*** defect info ***
r  =  9.51065E-01
h  =  2.79034E-01
