*** transform info ***
phi = 1.02148E+02
dx  = -7.69041E+00
dy  = 2.00398E+00
*** defect info ***
r  =  7.86344E-01
h  =  3.91020E-01
