*** transform info ***
phi = 8.97591E+01
dx  = -5.36974E+00
dy  = 3.25236E+00
*** defect info ***
r  =  6.71804E-01
h  =  3.02262E-01
