*** transform info ***
phi = 1.05698E+02
dx  = 6.07624E+00
dy  = -1.68359E+00
*** defect info ***
r  =  8.04523E-01
h  =  1.74495E-01
