*** transform info ***
phi = 1.08919E+02
dx  = 1.14755E-01
dy  = -2.14046E+00
*** defect info ***
r  =  4.21466E-01
h  =  2.75914E-01
