*** transform info ***
phi = 7.92871E+01
dx  = 6.94122E-02
dy  = 2.76845E+00
*** defect info ***
r  =  8.70768E-01
h  =  3.90893E-01
