*** transform info ***
phi = 1.55845E+02
dx  = 5.93626E+00
dy  = 5.50346E+00
*** defect info ***
r  =  6.31479E-01
h  =  3.88389E-01
