*** transform info ***
phi = 4.26129E+01
dx  = -4.27196E+00
dy  = 2.04833E+00
*** defect info ***
r  =  6.71908E-01
h  =  1.98245E-01
