*** transform info ***
phi = 1.64997E+01
dx  = -3.34137E+00
dy  = -1.89739E+00
*** defect info ***
r  =  1.02262E+00
h  =  3.53441E-01
