*** transform info ***
phi = 5.40629E+01
dx  = -7.70180E-01
dy  = 2.42381E+00
*** defect info ***
r  =  1.00437E+00
h  =  2.57344E-01
