*** transform info ***
phi = 6.54813E+01
dx  = -6.58647E+00
dy  = -4.97319E+00
*** defect info ***
r  =  4.61830E-01
h  =  2.80004E-01
