*** transform info ***
phi = 1.44000E+02
dx  = 7.70986E+00
dy  = 2.06904E-01
*** defect info ***
r  =  6.49814E-01
h  =  1.20258E-01
