*** transform info ***
phi = 1.68162E+02
dx  = 9.33853E-01
dy  = -4.04662E+00
*** defect info ***
r  =  1.14015E+00
h  =  2.01414E-01
