*** transform info ***
phi = 1.02108E+02
dx  = 5.54977E+00
dy  = 6.13133E-01
*** defect info ***
r  =  7.60574E-01
h  =  1.04724E-01
