*** transform info ***
phi = 5.48012E+01
dx  = 3.85167E+00
dy  = -2.34609E+00
*** defect info ***
r  =  1.04473E+00
h  =  2.82244E-01
