*** transform info ***
phi = 3.21219E+01
dx  = -3.47956E+00
dy  = 1.85580E-01
*** defect info ***
r  =  9.74199E-01
h  =  3.56375E-01
