*** transform info ***
phi = 1.63135E+02
dx  = -1.53324E+00
dy  = -1.56492E+00
*** defect info ***
r  =  1.01781E+00
h  =  1.02804E-01
