*** transform info ***
phi = 5.38843E+00
dx  = -2.76324E+00
dy  = 2.89234E+00
*** defect info ***
r  =  1.17102E+00
h  =  1.69456E-01
