*** transform info ***
phi = 5.38892E+01
dx  = 2.72911E+00
dy  = -1.07239E+00
*** defect info ***
r  =  1.09836E+00
h  =  2.69796E-01
