*** transform info ***
phi = 1.21719E+02
dx  = -4.23261E+00
dy  = -3.86983E-01
*** defect info ***
r  =  1.17727E+00
h  =  3.60558E-01
