*** transform info ***
phi = 1.71563E+02
dx  = 7.18286E+00
dy  = 1.95516E+00
*** defect info ***
r  =  5.30336E-01
h  =  3.35169E-01
