*** transform info ***
phi = 7.02716E+01
dx  = -7.69901E+00
dy  = 5.81792E+00
*** defect info ***
r  =  6.95836E-01
h  =  1.14506E-01
