*** transform info ***
phi = 1.53426E+02
dx  = 4.06686E+00
dy  = -6.89526E+00
*** defect info ***
r  =  1.16025E+00
h  =  1.28552E-01
