*** transform info ***
phi = 8.62594E+01
dx  = 6.45502E-01
dy  = -2.25388E+00
*** defect info ***
r  =  1.04023E+00
h  =  3.56108E-01
