*** transform info ***
phi = 1.52735E+02
dx  = 9.74341E-01
dy  = 7.84232E-01
*** defect info ***
r  =  2.52373E-01
h  =  1.28756E-01
