*** transform info ***
phi = 9.50457E+00
dx  = 3.88660E-01
dy  = -3.89435E+00
*** defect info ***
r  =  1.09945E+00
h  =  1.70506E-01
