*** transform info ***
phi = 3.68251E+00
dx  = 6.61002E+00
dy  = -4.18560E+00
*** defect info ***
r  =  8.62858E-01
h  =  2.05915E-01
