*** transform info ***
phi = 6.83152E+01
dx  = -7.33802E-01
dy  = 2.02779E+00
*** defect info ***
r  =  9.35221E-01
h  =  1.98800E-01
