*** transform info ***
phi = 1.48589E+02
dx  = 2.17925E+00
dy  = -4.23593E+00
*** defect info ***
r  =  4.50420E-01
h  =  2.90177E-01
