*** transform info ***
phi = 6.80895E+01
dx  = 1.88837E+00
dy  = -4.98123E+00
*** defect info ***
r  =  4.30195E-01
h  =  3.92709E-01
