*** transform info ***
phi = 9.56692E+01
dx  = -4.49860E+00
dy  = -5.76257E-01
*** defect info ***
r  =  4.72490E-01
h  =  2.77029E-01
