*** transform info ***
phi = 1.40238E+02
dx  = 5.99162E+00
dy  = -2.04176E+00
*** defect info ***
r  =  5.05008E-01
h  =  2.39553E-01
