*** transform info ***
phi = 1.41137E+02
dx  = 2.40041E+00
dy  = 7.51657E+00
*** defect info ***
r  =  1.14230E+00
h  =  2.59534E-01
