*** transform info ***
phi = 6.75080E+01
dx  = -6.32888E+00
dy  = 6.39164E+00
*** defect info ***
r  =  4.67816E-01
h  =  3.08206E-01
