*** transform info ***
phi = 3.85486E+01
dx  = -2.95384E+00
dy  = 2.41080E+00
*** defect info ***
r  =  1.16642E+00
h  =  2.01229E-01
