*** transform info ***
phi = 3.78081E+01
dx  = 5.76176E+00
dy  = -1.35313E+00
*** defect info ***
r  =  8.05523E-01
h  =  2.27507E-01
