*** transform info ***
phi = 1.27390E+02
dx  = 3.47232E+00
dy  = 1.61049E+00
*** defect info ***
r  =  1.04168E+00
h  =  3.38411E-01
