*** transform info ***
phi = 1.25202E+02
dx  = 2.05889E+00
dy  = -1.96219E-01
*** defect info ***
r  =  5.18614E-01
h  =  2.94977E-01
