*** transform info ***
phi = 9.93426E+01
dx  = -1.14032E+00
dy  = -4.52818E-01
*** defect info ***
r  =  4.32501E-01
h  =  2.97314E-01
