*** transform info ***
phi = 9.36479E+01
dx  = -6.04040E-01
dy  = -4.10324E+00
*** defect info ***
r  =  1.10784E+00
h  =  1.05060E-01
