*** transform info ***
phi = 1.25016E+02
dx  = -2.82171E+00
dy  = -2.34584E+00
*** defect info ***
r  =  4.58559E-01
h  =  1.73934E-01
