*** transform info ***
phi = 6.31523E+01
dx  = 5.92180E+00
dy  = -1.74497E+00
*** defect info ***
r  =  2.05182E-01
h  =  1.16725E-01
