*** transform info ***
phi = 1.52770E+02
dx  = 6.50814E+00
dy  = 2.51355E+00
*** defect info ***
r  =  5.01000E-01
h  =  8.96288E-02
