*** transform info ***
phi = 1.41732E+02
dx  = -2.46084E+00
dy  = 6.10853E+00
*** defect info ***
r  =  9.63252E-01
h  =  1.99649E-01
