*** transform info ***
phi = 8.57173E+01
dx  = -1.39448E+00
dy  = -1.58417E+00
*** defect info ***
r  =  6.10863E-01
h  =  1.32967E-01
