*** transform info ***
phi = 4.93219E+01
dx  = 4.00422E+00
dy  = -9.78012E-01
*** defect info ***
r  =  1.13584E+00
h  =  1.32627E-01
