*** transform info ***
phi = 5.86172E+00
dx  = 7.39463E+00
dy  = 1.22988E+00
*** defect info ***
r  =  6.76461E-01
h  =  3.66305E-01
