*** transform info ***
phi = 1.51658E+02
dx  = 3.93388E+00
dy  = 7.07042E+00
*** defect info ***
r  =  6.72525E-01
h  =  1.82589E-01
