*** transform info ***
phi = 1.65300E+02
dx  = 5.42494E+00
dy  = -5.22579E+00
*** defect info ***
r  =  1.11888E+00
h  =  3.48483E-01
