*** transform info ***
phi = 1.68508E+02
dx  = 1.48460E+00
dy  = 4.62224E+00
*** defect info ***
r  =  1.09808E+00
h  =  2.70390E-01
