*** transform info ***
phi = 1.42301E+01
dx  = 7.02047E+00
dy  = 6.05931E-01
*** defect info ***
r  =  4.88400E-01
h  =  2.85489E-01
