*** transform info ***
phi = 1.63398E+02
dx  = -5.80039E+00
dy  = -2.75043E+00
*** defect info ***
r  =  6.82191E-01
h  =  1.99960E-01
