*** transform info ***
phi = 1.26063E+02
dx  = 1.56307E+00
dy  = -1.64259E+00
*** defect info ***
r  =  6.93650E-01
h  =  3.30273E-01
