*** transform info ***
phi = 1.34130E+02
dx  = -1.93937E+00
dy  = 2.58759E-01
*** defect info ***
r  =  1.40499E-01
h  =  5.92727E-02
