*** transform info ***
phi = 1.59908E+02
dx  = -1.88643E+00
dy  = -4.61841E-01
*** defect info ***
r  =  8.24398E-01
h  =  1.56909E-01
