*** transform info ***
phi = 3.89994E+01
dx  = -7.04816E+00
dy  = 3.21429E-01
*** defect info ***
r  =  4.16903E-01
h  =  1.29218E-01
