*** transform info ***
phi = 1.23136E+02
dx  = 5.48023E+00
dy  = 1.89414E+00
*** defect info ***
r  =  5.71684E-01
h  =  6.54502E-02
