*** transform info ***
phi = 1.40318E+02
dx  = -5.91700E+00
dy  = 2.50351E+00
*** defect info ***
r  =  9.80000E-01
h  =  3.35038E-01
