*** transform info ***
phi = 2.75719E+01
dx  = 6.92174E-01
dy  = -2.35562E+00
*** defect info ***
r  =  1.10425E+00
h  =  2.89188E-01
