*** transform info ***
phi = 3.67743E+01
dx  = -3.77644E+00
dy  = -1.44023E+00
*** defect info ***
r  =  1.19699E+00
h  =  1.75837E-01
