*** transform info ***
phi = 1.28112E+02
dx  = -2.11254E+00
dy  = 4.61689E-01
*** defect info ***
r  =  9.32384E-01
h  =  1.68722E-01
