*** transform info ***
phi = 9.53499E+01
dx  = 8.06546E-01
dy  = 3.69147E+00
*** defect info ***
r  =  9.12087E-01
h  =  2.07185E-01
