*** transform info ***
phi = 1.04492E+02
dx  = -5.25256E-01
dy  = 2.70598E+00
*** defect info ***
r  =  4.59117E-01
h  =  2.38450E-01
