*** transform info ***
phi = 1.63866E+02
dx  = 1.32445E+00
dy  = 6.92938E-01
*** defect info ***
r  =  1.13461E+00
h  =  1.48301E-01
