*** transform info ***
phi = 8.65690E+01
dx  = 3.99586E+00
dy  = 5.79779E-02
*** defect info ***
r  =  1.04226E+00
h  =  3.27087E-01
