*** transform info ***
phi = 1.67796E+02
dx  = -5.76054E+00
dy  = -4.15156E+00
*** defect info ***
r  =  5.35133E-01
h  =  6.30351E-02
