*** transform info ***
phi = 1.36412E+02
dx  = -1.91477E+00
dy  = 5.77541E+00
*** defect info ***
r  =  1.09250E+00
h  =  1.28527E-01
