*** transform info ***
phi = 9.99286E+01
dx  = 1.16755E+00
dy  = -1.06208E+00
*** defect info ***
r  =  9.20190E-01
h  =  1.06710E-01
