*** transform info ***
phi = 8.38144E+01
dx  = -4.05688E+00
dy  = -8.98029E-01
*** defect info ***
r  =  7.61319E-01
h  =  8.68773E-02
