*** transform info ***
phi = 9.03111E+01
dx  = 6.60572E+00
dy  = 1.58448E+00
*** defect info ***
r  =  6.89961E-01
h  =  5.51028E-02
