*** transform info ***
phi = 3.63111E+01
dx  = 4.55598E+00
dy  = 5.78160E-01
*** defect info ***
r  =  5.45096E-01
h  =  5.49825E-02
