*** transform info ***
phi = 6.65851E+01
dx  = 6.75434E+00
dy  = -3.66804E+00
*** defect info ***
r  =  8.29077E-01
h  =  1.95026E-01
