*** transform info ***
phi = 6.82243E+01
dx  = -6.15967E+00
dy  = -6.26319E+00
*** defect info ***
r  =  5.19425E-01
h  =  3.13925E-02
