*** transform info ***
phi = 1.46217E+02
dx  = 2.43697E+00
dy  = -1.59813E+00
