*** transform info ***
phi = 9.01874E+01
dx  = -7.35302E+00
dy  = 7.57319E-02
*** defect info ***
r  =  5.82409E-01
h  =  7.18185E-02
