*** transform info ***
phi = 1.66941E+02
dx  = 6.25917E+00
dy  = 5.64386E+00
*** defect info ***
r  =  8.75051E-01
h  =  1.29791E-01
