*** transform info ***
phi = 9.16364E+01
dx  = -6.85199E+00
dy  = -2.16953E+00
*** defect info ***
r  =  6.76472E-01
h  =  1.55419E-01
