*** transform info ***
phi = 1.30905E+02
dx  = -2.13674E+00
dy  = 7.30265E-01
*** defect info ***
r  =  1.03531E+00
h  =  1.60485E-01
