*** transform info ***
phi = 6.83864E+01
dx  = -8.20882E-01
dy  = -4.25325E+00
*** defect info ***
r  =  4.10791E-01
h  =  1.48058E-01
