*** transform info ***
phi = 6.38951E+01
dx  = -7.66128E+00
dy  = -9.03334E-01
*** defect info ***
r  =  9.21047E-01
h  =  2.39173E-01
