*** transform info ***
phi = 1.40661E+02
dx  = 1.40040E+00
dy  = -4.66165E+00
*** defect info ***
r  =  7.66700E-01
h  =  1.29022E-01
