*** transform info ***
phi = 5.28851E+01
dx  = 4.47139E+00
dy  = 4.50663E+00
*** defect info ***
r  =  5.97166E-01
h  =  1.97013E-01
