*** transform info ***
phi = 8.67808E+01
dx  = -1.85170E+00
dy  = 2.18873E+00
*** defect info ***
r  =  8.01851E-01
h  =  1.23433E-01
