*** transform info ***
phi = 1.45878E+02
dx  = 6.07618E+00
dy  = -1.57834E-01
*** defect info ***
r  =  3.74847E-01
h  =  2.73354E-02
