*** transform info ***
phi = 4.11292E+01
dx  = -5.49446E+00
dy  = 2.03979E+00
*** defect info ***
r  =  1.00720E+00
h  =  1.40435E-01
