*** transform info ***
phi = 6.73433E+00
dx  = -2.21301E+00
dy  = -3.43226E+00
*** defect info ***
r  =  9.95167E-01
h  =  1.31482E-01
