*** transform info ***
phi = 1.33177E+02
dx  = -9.84009E-01
dy  = 3.21795E+00
*** defect info ***
r  =  7.19565E-01
h  =  5.86131E-02
