*** transform info ***
phi = 6.74977E+01
dx  = -1.83140E+00
dy  = -5.04464E+00
*** defect info ***
r  =  4.59355E-01
h  =  1.73940E-01
