*** transform info ***
phi = 1.66017E+02
dx  = -7.49611E+00
dy  = 2.33614E+00
*** defect info ***
r  =  1.13466E+00
h  =  1.92708E-01
