*** transform info ***
phi = 7.87736E+01
dx  = -3.10109E+00
dy  = -2.67098E+00
*** defect info ***
r  =  4.52027E-01
h  =  9.20246E-02
