*** transform info ***
phi = 9.77695E+01
dx  = -5.68828E+00
dy  = 3.64699E+00
*** defect info ***
r  =  5.86478E-01
h  =  7.04499E-02
