*** transform info ***
phi = 3.37706E+00
dx  = -1.28953E+00
dy  = 2.09999E+00
*** defect info ***
r  =  4.17246E-01
h  =  9.77523E-02
