*** transform info ***
phi = 1.99097E+01
dx  = 1.23358E+00
dy  = 3.77182E-01
*** defect info ***
r  =  2.74584E-01
h  =  6.03369E-02
