*** transform info ***
phi = 2.19702E+01
dx  = -2.24778E+00
dy  = -3.31034E+00
*** defect info ***
r  =  5.85745E-01
h  =  4.86645E-02
