*** transform info ***
phi = 6.18994E+01
dx  = 1.80375E+00
dy  = -7.54405E-01
*** defect info ***
r  =  9.03927E-01
h  =  7.64582E-02
