*** transform info ***
phi = 6.31950E+01
dx  = 2.91791E-01
dy  = 2.28252E+00
*** defect info ***
r  =  8.62377E-01
h  =  1.56445E-01
