*** transform info ***
phi = 6.18871E+01
dx  = -4.89609E+00
dy  = 5.79853E-01
*** defect info ***
r  =  4.35618E-01
h  =  1.70118E-01
