*** transform info ***
phi = 1.55469E+01
dx  = -7.33444E+00
dy  = 6.99765E-01
*** defect info ***
r  =  9.95075E-01
h  =  5.95528E-02
