*** transform info ***
phi = 6.73334E+01
dx  = -5.29495E-01
dy  = -3.26876E+00
*** defect info ***
r  =  1.14216E+00
h  =  1.83220E-01
