*** transform info ***
phi = 1.49916E+02
dx  = -3.36574E+00
dy  = -5.52536E+00
*** defect info ***
r  =  1.02887E+00
h  =  1.40288E-01
