*** transform info ***
phi = 1.41847E+02
dx  = -5.91547E+00
dy  = 9.52479E-01
*** defect info ***
r  =  1.11223E-01
h  =  9.81210E-02
