*** transform info ***
phi = 1.51138E+02
dx  = 4.09511E+00
dy  = -6.53038E+00
*** defect info ***
r  =  9.50692E-01
h  =  1.95196E-01
