*** transform info ***
phi = 7.01979E+01
dx  = 1.43100E+00
dy  = -3.56515E+00
*** defect info ***
r  =  4.71326E-01
h  =  1.21503E-01
