*** transform info ***
phi = 7.80494E+01
dx  = -5.82224E+00
dy  = -5.47733E+00
*** defect info ***
r  =  5.33909E-01
h  =  2.99381E-02
