*** transform info ***
phi = 1.37510E+02
dx  = -5.03514E+00
dy  = 1.44951E-01
*** defect info ***
r  =  6.16885E-01
h  =  1.28660E-01
