*** transform info ***
phi = 1.35097E+02
dx  = -1.31384E+00
dy  = -5.49010E+00
*** defect info ***
r  =  4.82540E-01
h  =  1.20695E-01
