*** transform info ***
phi = 4.21493E+01
dx  = 1.83496E+00
dy  = -2.35956E+00
*** defect info ***
r  =  9.49848E-01
h  =  7.08392E-02
