*** transform info ***
phi = 1.27414E+01
dx  = -6.15336E+00
dy  = -1.02853E+00
*** defect info ***
r  =  8.82951E-01
h  =  8.60110E-02
