*** transform info ***
phi = 6.79595E+01
dx  = -4.57648E+00
dy  = 5.11418E+00
*** defect info ***
r  =  4.79996E-01
h  =  1.44838E-01
