*** transform info ***
phi = 4.67302E+00
dx  = -4.60695E+00
dy  = 3.20235E+00
*** defect info ***
r  =  5.95722E-01
h  =  1.57058E-01
