*** transform info ***
phi = 1.45619E+01
dx  = -8.35866E-01
dy  = 2.01449E+00
*** defect info ***
r  =  5.98357E-01
h  =  3.91308E-02
