*** transform info ***
phi = 2.15956E+01
dx  = 5.88350E+00
dy  = 7.86506E-01
*** defect info ***
r  =  4.06138E-01
h  =  5.67549E-02
