*** transform info ***
phi = 8.84214E+01
dx  = -8.62023E-01
dy  = 8.04722E-01
*** defect info ***
r  =  1.66513E-01
h  =  3.33034E-02
