*** transform info ***
phi = 3.35978E+01
dx  = 2.08246E+00
dy  = 3.04601E+00
*** defect info ***
r  =  1.03388E+00
h  =  1.14685E-01
