*** transform info ***
phi = 1.34407E+02
dx  = -2.69095E+00
dy  = -3.77791E+00
*** defect info ***
r  =  1.07403E+00
h  =  1.45066E-01
