*** transform info ***
phi = 1.44311E+02
dx  = -4.77354E+00
dy  = -4.10847E+00
*** defect info ***
r  =  5.88767E-01
h  =  5.59708E-02
