*** transform info ***
phi = 9.32677E+01
dx  = -1.83236E+00
dy  = -3.05674E+00
*** defect info ***
r  =  8.70955E-01
h  =  1.89216E-01
