*** transform info ***
phi = 9.55081E+00
dx  = 2.18212E+00
dy  = -1.35227E+00
*** defect info ***
r  =  1.07209E+00
h  =  8.23147E-02
