*** transform info ***
phi = 1.56172E+02
dx  = -3.69923E+00
dy  = 2.26033E+00
*** defect info ***
r  =  7.02856E-01
h  =  3.89515E-02
