*** transform info ***
phi = 6.90107E+01
dx  = 3.41362E+00
dy  = 5.71952E+00
*** defect info ***
r  =  6.03060E-01
h  =  1.18958E-01
