*** transform info ***
phi = 1.19272E+02
dx  = 3.37344E+00
dy  = -2.89297E+00
*** defect info ***
r  =  8.67192E-01
h  =  7.01550E-02
