*** transform info ***
phi = 1.72539E+02
dx  = 1.57419E+00
dy  = -1.29120E+00
*** defect info ***
r  =  1.97365E-01
h  =  6.28879E-02
