*** transform info ***
phi = 4.50043E-01
dx  = 4.56900E+00
dy  = -2.00683E+00
*** defect info ***
r  =  7.57000E-01
h  =  1.13513E-01
