*** transform info ***
phi = 8.82501E+01
dx  = 7.11985E+00
dy  = 1.36272E+00
*** defect info ***
r  =  6.91854E-01
h  =  1.76125E-01
