*** transform info ***
phi = 5.97434E+01
dx  = -3.73750E+00
dy  = -3.74302E+00
*** defect info ***
r  =  2.29944E-01
h  =  8.06461E-02
