*** transform info ***
phi = 1.50050E+02
dx  = -5.02376E+00
dy  = 6.70048E+00
*** defect info ***
r  =  1.15725E+00
h  =  1.31795E-01
