*** transform info ***
phi = 6.74031E+01
dx  = -1.68648E+00
dy  = 4.33028E+00
*** defect info ***
r  =  1.04254E+00
h  =  6.39572E-02
