*** transform info ***
phi = 5.88790E+01
dx  = -7.55131E-01
dy  = -4.00381E+00
*** defect info ***
r  =  9.08949E-01
h  =  1.88163E-01
