*** transform info ***
phi = 9.65344E+01
dx  = 1.20792E+00
dy  = 3.96270E+00
*** defect info ***
r  =  6.63544E-01
h  =  1.67483E-01
