*** transform info ***
phi = 1.08360E+02
dx  = 2.49869E+00
dy  = 1.47900E+00
*** defect info ***
r  =  6.09407E-01
h  =  1.25179E-01
