*** transform info ***
phi = 1.56056E+02
dx  = -1.31493E+00
dy  = -4.29764E+00
*** defect info ***
r  =  4.72240E-01
h  =  1.05911E-01
