*** transform info ***
phi = 3.45325E+01
dx  = 4.34801E+00
dy  = -1.34857E+00
*** defect info ***
r  =  1.15484E+00
h  =  9.46914E-02
