*** transform info ***
phi = 1.32176E+01
dx  = -5.50831E+00
dy  = -5.67563E-01
*** defect info ***
r  =  5.43733E-01
h  =  2.06057E-02
