*** transform info ***
phi = 1.47390E+02
dx  = -5.57836E+00
dy  = 1.98587E+00
*** defect info ***
r  =  8.52148E-01
h  =  9.42642E-02
