*** transform info ***
phi = 1.43414E+02
dx  = -4.93491E+00
dy  = -2.93003E+00
*** defect info ***
r  =  1.03288E+00
h  =  5.85199E-02
