*** transform info ***
phi = 1.83485E+01
dx  = 2.42645E+00
dy  = 2.70957E+00
*** defect info ***
r  =  1.18061E+00
h  =  1.84020E-01
