*** transform info ***
phi = 5.95632E+01
dx  = 2.99536E+00
dy  = 1.57234E+00
*** defect info ***
r  =  7.85322E-01
h  =  1.09022E-01
