*** transform info ***
phi = 1.47361E+02
dx  = 5.65822E+00
dy  = 4.00572E+00
*** defect info ***
r  =  7.15357E-01
h  =  1.19450E-01
