*** transform info ***
phi = 1.41789E+02
dx  = 5.82283E+00
dy  = 1.52225E+00
*** defect info ***
r  =  1.07451E+00
h  =  1.66267E-01
