*** transform info ***
phi = 1.26871E+02
dx  = 5.84891E+00
dy  = 1.12414E+00
*** defect info ***
r  =  6.25073E-01
h  =  1.96116E-01
