*** transform info ***
phi = 1.10410E+02
dx  = 1.81390E+00
dy  = 3.30577E+00
*** defect info ***
r  =  4.77951E-01
h  =  1.61550E-01
