*** transform info ***
phi = 1.57561E+02
dx  = 4.68752E+00
dy  = 6.26368E+00
*** defect info ***
r  =  1.06031E+00
h  =  8.26542E-02
