*** transform info ***
phi = 1.12134E+02
dx  = -1.89062E+00
dy  = -1.96934E+00
*** defect info ***
r  =  1.15549E+00
h  =  1.43212E-01
