*** transform info ***
phi = 5.57299E+01
dx  = 3.56057E+00
dy  = -6.84875E+00
*** defect info ***
r  =  5.68088E-01
h  =  1.81554E-01
