*** transform info ***
phi = 8.88462E+01
dx  = 3.50555E+00
dy  = 1.02989E+00
*** defect info ***
r  =  7.14599E-01
h  =  1.27992E-01
