*** transform info ***
phi = 6.51619E+00
dx  = -7.02716E+00
dy  = 2.61194E+00
*** defect info ***
r  =  8.98375E-01
h  =  1.90458E-01
