*** transform info ***
phi = 1.17621E+02
dx  = -4.89222E+00
dy  = -1.86060E+00
*** defect info ***
r  =  4.38719E-01
h  =  7.07716E-02
