*** transform info ***
phi = 8.17692E+01
dx  = -5.75534E+00
dy  = -3.59980E+00
*** defect info ***
r  =  4.39715E-01
h  =  1.46552E-01
