*** transform info ***
phi = 6.81434E+01
dx  = -1.07911E+00
dy  = -1.68821E+00
*** defect info ***
r  =  1.12984E+00
h  =  1.65230E-01
