*** transform info ***
phi = 4.84865E+01
dx  = -4.91258E+00
dy  = 3.12988E+00
*** defect info ***
r  =  9.55653E-01
h  =  1.21622E-01
