*** transform info ***
phi = 5.90102E+01
dx  = 6.81644E+00
dy  = -4.15447E-01
*** defect info ***
r  =  8.88452E-01
h  =  1.72220E-01
