*** transform info ***
phi = 5.06979E+01
dx  = -1.08624E+00
dy  = 6.50152E+00
*** defect info ***
r  =  8.98172E-01
h  =  1.04478E-01
