*** transform info ***
phi = 3.56420E+01
dx  = -2.47593E+00
dy  = 3.29596E+00
*** defect info ***
r  =  7.57658E-01
h  =  1.20503E-01
