*** transform info ***
phi = 2.37102E+01
dx  = 1.87030E-01
dy  = 3.67972E+00
*** defect info ***
r  =  2.94059E-01
h  =  8.47570E-02
