*** transform info ***
phi = 6.17792E+01
dx  = -2.59204E+00
dy  = -5.49510E+00
*** defect info ***
r  =  1.02271E+00
h  =  1.58303E-01
