*** transform info ***
phi = 1.54251E+00
dx  = 5.59313E+00
dy  = 2.11119E+00
*** defect info ***
r  =  9.22303E-01
h  =  1.81591E-01
