*** transform info ***
phi = 9.15205E+01
dx  = -1.33726E-01
dy  = 3.56699E+00
*** defect info ***
r  =  5.94731E-01
h  =  2.74015E-02
