*** transform info ***
phi = 5.53076E+01
dx  = 1.10185E+00
dy  = -4.10747E+00
*** defect info ***
r  =  9.15982E-01
h  =  1.40426E-01
