*** transform info ***
phi = 7.68045E+01
dx  = 7.58098E+00
dy  = 2.44959E+00
*** defect info ***
r  =  6.48883E-01
h  =  1.01808E-01
