*** transform info ***
phi = 9.12704E+00
dx  = -3.71420E+00
dy  = 3.50400E-02
*** defect info ***
r  =  6.66891E-01
h  =  6.48188E-02
