*** transform info ***
phi = 1.45107E+02
dx  = 3.70358E+00
dy  = -3.80286E+00
*** defect info ***
r  =  9.97438E-01
h  =  9.87357E-02
