*** transform info ***
phi = 1.76121E+02
dx  = 2.89601E+00
dy  = 1.66813E-02
*** defect info ***
r  =  6.21695E-01
h  =  1.90321E-01
