*** transform info ***
phi = 4.79874E+01
dx  = 1.74058E+00
dy  = 7.28020E-01
*** defect info ***
r  =  4.05130E-01
h  =  9.23285E-02
