*** transform info ***
phi = 1.26276E+02
dx  = 1.41298E+00
dy  = 9.44533E-01
*** defect info ***
r  =  9.86835E-01
h  =  1.64325E-01
