*** transform info ***
phi = 9.35539E+01
dx  = -7.68081E+00
dy  = 2.56152E+00
*** defect info ***
r  =  7.63534E-01
h  =  1.54409E-01
