*** transform info ***
phi = 1.20490E+02
dx  = 4.47961E+00
dy  = 1.27078E+00
*** defect info ***
r  =  5.81980E-01
h  =  1.72262E-01
