*** transform info ***
phi = 6.65420E+01
dx  = -4.60918E+00
dy  = 2.10291E+00
*** defect info ***
r  =  5.49833E-01
h  =  2.96631E-02
