*** transform info ***
phi = 1.70984E+02
dx  = 2.87843E+00
dy  = 1.97151E+00
*** defect info ***
r  =  6.88659E-01
h  =  1.55611E-01
