*** transform info ***
phi = 8.62053E+01
dx  = -2.28108E+00
dy  = -3.35760E+00
*** defect info ***
r  =  5.71350E-01
h  =  8.73582E-02
