*** transform info ***
phi = 6.55916E+01
dx  = 5.63277E+00
dy  = -4.32558E+00
*** defect info ***
r  =  5.52726E-01
h  =  4.23816E-02
