*** transform info ***
phi = 1.68193E+01
dx  = 3.30839E+00
dy  = 1.94048E+00
*** defect info ***
r  =  7.00250E-01
h  =  5.68073E-02
