*** transform info ***
phi = 1.57968E+02
dx  = -5.32045E+00
dy  = -6.21634E+00
*** defect info ***
r  =  4.39162E-01
h  =  1.92408E-01
