*** transform info ***
phi = 1.21856E+02
dx  = 6.86534E+00
dy  = 1.05917E+00
*** defect info ***
r  =  1.13926E+00
h  =  1.74245E-01
