*** transform info ***
phi = 5.74880E+00
dx  = 3.76936E+00
dy  = -2.50428E+00
*** defect info ***
r  =  9.60266E-01
h  =  7.52924E-02
