*** transform info ***
phi = 1.40023E+02
dx  = -2.75366E+00
dy  = -3.25833E+00
*** defect info ***
r  =  1.16938E+00
h  =  5.59929E-02
