*** transform info ***
phi = 1.05264E+02
dx  = 3.85302E+00
dy  = -2.11306E+00
*** defect info ***
r  =  4.04902E-01
h  =  6.87181E-02
