*** transform info ***
phi = 5.39034E+00
dx  = 1.62069E+00
dy  = 4.36529E+00
*** defect info ***
r  =  7.64762E-01
h  =  5.09819E-02
