*** transform info ***
phi = 1.47455E+02
dx  = 4.09369E+00
dy  = -1.39585E+00
*** defect info ***
r  =  8.72761E-01
h  =  8.41759E-02
