*** transform info ***
phi = 5.12594E+01
dx  = 5.68152E+00
dy  = -3.14787E+00
*** defect info ***
r  =  7.95194E-01
h  =  5.60622E-02
