*** transform info ***
phi = 6.80360E+01
dx  = 5.01860E+00
dy  = 6.40140E+00
*** defect info ***
r  =  1.18610E+00
h  =  9.48902E-02
