*** transform info ***
phi = 4.69187E+01
dx  = 6.88528E+00
dy  = -1.48304E+00
*** defect info ***
r  =  4.65900E-01
h  =  1.61581E-01
