*** transform info ***
phi = 2.87667E+01
dx  = -1.50224E+00
dy  = -3.12408E+00
*** defect info ***
r  =  4.10728E-01
h  =  1.92344E-01
