*** transform info ***
phi = 1.57982E+02
dx  = 1.34587E+00
dy  = -1.41536E+00
*** defect info ***
r  =  1.87388E-01
h  =  6.93225E-02
