*** transform info ***
phi = 1.48395E+02
dx  = -3.25627E+00
dy  = 4.26226E+00
*** defect info ***
r  =  5.87885E-01
h  =  6.65326E-02
