*** transform info ***
phi = 4.63694E+01
dx  = -3.10803E+00
dy  = 4.51709E+00
*** defect info ***
r  =  1.12332E+00
h  =  1.71426E-01
