*** transform info ***
phi = 6.11297E+01
dx  = -1.27349E+00
dy  = 5.53473E+00
*** defect info ***
r  =  2.62139E-01
h  =  9.95248E-02
