*** transform info ***
phi = 1.50987E+02
dx  = -1.28547E+00
dy  = 1.51397E-01
*** defect info ***
r  =  6.39035E-01
h  =  1.06386E-01
