*** transform info ***
phi = 1.72297E+02
dx  = -5.29214E+00
dy  = 2.91516E+00
*** defect info ***
r  =  6.17686E-01
h  =  1.94372E-01
