*** transform info ***
phi = 1.06064E+02
dx  = -1.64701E+00
dy  = 1.08642E+00
*** defect info ***
r  =  5.03382E-01
h  =  6.69983E-02
