*** transform info ***
phi = 3.88737E+01
dx  = 4.29055E+00
dy  = 1.89137E+00
*** defect info ***
r  =  9.23492E-01
h  =  1.54447E-01
