*** transform info ***
phi = 8.94574E+01
dx  = 6.16448E+00
dy  = -3.82767E+00
*** defect info ***
r  =  9.18736E-01
h  =  5.39213E-02
