*** transform info ***
phi = 6.67771E+01
dx  = 2.66915E+00
dy  = -2.75495E+00
*** defect info ***
r  =  8.92456E-01
h  =  1.38107E-01
