*** transform info ***
phi = 8.67735E+01
dx  = -7.37382E+00
dy  = -4.91017E+00
*** defect info ***
r  =  1.18276E+00
h  =  9.66259E-02
