*** transform info ***
phi = 8.19149E+01
dx  = 5.39581E+00
dy  = 3.16484E-01
*** defect info ***
r  =  5.14499E-01
h  =  1.16382E-01
