*** transform info ***
phi = 1.77988E+02
dx  = -3.70234E+00
dy  = -6.48641E-01
*** defect info ***
r  =  4.43572E-01
h  =  1.99495E-01
