*** transform info ***
phi = 1.56846E+02
dx  = -4.83923E+00
dy  = -3.39442E-01
*** defect info ***
r  =  1.11716E+00
h  =  7.28365E-02
