*** transform info ***
phi = 5.74709E+01
dx  = 1.51381E+00
dy  = 4.17423E+00
*** defect info ***
r  =  1.22360E-01
h  =  8.46356E-02
