*** transform info ***
phi = 4.16484E+01
dx  = -1.19839E+00
dy  = -1.40715E+00
*** defect info ***
r  =  9.20437E-01
h  =  1.27598E-01
