*** transform info ***
phi = 1.57142E+02
dx  = -6.18611E+00
dy  = 6.54161E+00
*** defect info ***
r  =  1.03199E+00
h  =  1.57020E-01
