*** transform info ***
phi = 1.48514E+02
dx  = -7.87140E-01
dy  = -3.16442E+00
*** defect info ***
r  =  8.59878E-01
h  =  5.87555E-02
