*** transform info ***
phi = 1.46017E+02
dx  = 1.06548E+00
dy  = 3.73563E+00
*** defect info ***
r  =  9.66319E-01
h  =  1.79844E-01
