*** transform info ***
phi = 6.10125E+01
dx  = 5.76092E+00
dy  = -2.09465E+00
*** defect info ***
r  =  6.22831E-01
h  =  1.90091E-01
