*** transform info ***
phi = 1.27534E+02
dx  = 8.47500E-02
dy  = 4.60377E+00
*** defect info ***
r  =  6.59356E-01
h  =  1.32270E-01
