*** transform info ***
phi = 6.21025E+01
dx  = -5.19129E+00
dy  = 4.91864E+00
*** defect info ***
r  =  7.20176E-01
h  =  1.70111E-01
