*** transform info ***
phi = 6.14192E+01
dx  = -5.97853E+00
dy  = 2.15618E-01
*** defect info ***
r  =  4.53945E-01
h  =  6.42155E-02
