*** transform info ***
phi = 1.21993E+02
dx  = 6.51903E+00
dy  = -1.09641E+00
*** defect info ***
r  =  8.57102E-01
h  =  1.33587E-01
