*** transform info ***
phi = 7.20931E+01
dx  = 3.53754E+00
dy  = 1.48308E+00
*** defect info ***
r  =  1.04761E+00
h  =  5.98168E-02
