*** transform info ***
phi = 7.26642E+01
dx  = -2.36249E+00
dy  = 2.01752E+00
*** defect info ***
r  =  9.76554E-01
h  =  9.34038E-02
