*** transform info ***
phi = 9.26500E+01
dx  = 4.83511E+00
dy  = -3.98648E-01
*** defect info ***
r  =  7.09300E-01
h  =  8.62443E-02
