*** transform info ***
phi = 1.69822E+02
dx  = -3.05859E+00
dy  = -6.36887E-01
*** defect info ***
r  =  7.06557E-01
h  =  1.89372E-01
