*** transform info ***
phi = 8.93523E+01
dx  = -4.68284E+00
dy  = 1.81539E+00
*** defect info ***
r  =  1.10203E+00
h  =  8.07236E-02
