*** transform info ***
phi = 1.46099E+01
dx  = 5.60453E+00
dy  = 2.27337E+00
*** defect info ***
r  =  4.31772E-01
h  =  7.83498E-02
