*** transform info ***
phi = 4.93851E+01
dx  = 3.63916E-01
dy  = 1.61213E+00
*** defect info ***
r  =  6.33259E-01
h  =  5.66073E-02
