*** transform info ***
phi = 6.36363E+01
dx  = -3.60631E+00
dy  = -4.77756E+00
*** defect info ***
r  =  6.53056E-01
h  =  1.93947E-01
