*** transform info ***
phi = 1.62900E+02
dx  = 6.34017E-01
dy  = -1.10863E+00
*** defect info ***
r  =  5.89654E-01
h  =  1.87539E-01
