*** transform info ***
phi = 2.03423E+01
dx  = 6.06292E+00
dy  = 3.51461E-01
*** defect info ***
r  =  4.61963E-01
h  =  8.68604E-02
