*** transform info ***
phi = 4.86880E+01
dx  = 4.34050E-01
dy  = 7.09060E+00
*** defect info ***
r  =  6.37367E-01
h  =  6.45129E-02
