*** transform info ***
phi = 9.14731E+01
dx  = 6.66063E+00
dy  = -1.01726E-01
*** defect info ***
r  =  8.20105E-01
h  =  8.51511E-02
