*** transform info ***
phi = 1.55145E+02
dx  = -6.11848E+00
dy  = -1.79817E+00
*** defect info ***
r  =  7.25659E-01
h  =  7.85829E-02
