*** transform info ***
phi = 1.08402E+02
dx  = -6.96572E+00
dy  = 3.53066E-01
*** defect info ***
r  =  3.42723E-01
h  =  9.50207E-02
