*** transform info ***
phi = 6.58970E+01
dx  = 7.88283E+00
dy  = -2.45410E+00
*** defect info ***
r  =  1.14601E+00
h  =  1.42279E-01
