*** transform info ***
phi = 1.50279E+01
dx  = -2.89438E+00
dy  = -8.38052E-01
*** defect info ***
r  =  4.82388E-01
h  =  1.35583E-01
