*** transform info ***
phi = 9.01484E+01
dx  = 5.79497E+00
dy  = -2.16041E+00
*** defect info ***
r  =  9.15631E-01
h  =  5.60849E-02
