*** transform info ***
phi = 1.68448E+02
dx  = -5.40559E+00
dy  = -2.43947E+00
*** defect info ***
r  =  8.61089E-01
h  =  5.91744E-02
