*** transform info ***
phi = 1.44627E+01
dx  = -1.51458E-01
dy  = 2.46993E+00
*** defect info ***
r  =  7.75542E-01
h  =  7.69648E-02
