*** transform info ***
phi = 7.47178E+01
dx  = -5.13329E-01
dy  = -1.36677E+00
*** defect info ***
r  =  1.13857E+00
h  =  1.00855E-01
