*** transform info ***
phi = 1.79576E+02
dx  = 7.96871E+00
dy  = 4.44166E+00
*** defect info ***
r  =  8.51330E-01
h  =  1.79911E-01
