*** transform info ***
phi = 1.11583E+02
dx  = 1.00884E+00
dy  = 3.40658E+00
*** defect info ***
r  =  6.05989E-01
h  =  1.09425E-01
