*** transform info ***
phi = 1.25731E+02
dx  = 2.58031E+00
dy  = 5.29241E-01
*** defect info ***
r  =  9.99196E-01
h  =  7.94460E-02
