*** transform info ***
phi = 1.41183E+02
dx  = -2.52410E+00
dy  = 5.25563E+00
*** defect info ***
r  =  4.95614E-01
h  =  1.16064E-01
