*** transform info ***
phi = 1.54292E+02
dx  = 3.04882E-01
dy  = 3.45862E+00
*** defect info ***
r  =  1.00003E+00
h  =  1.04832E-01
