*** transform info ***
phi = 1.65634E+02
dx  = 6.44003E+00
dy  = 1.06879E+00
*** defect info ***
r  =  5.12613E-01
h  =  7.02195E-02
