*** transform info ***
phi = 4.38074E+01
dx  = -3.74927E+00
dy  = -2.10111E+00
*** defect info ***
r  =  5.36667E-01
h  =  1.98093E-01
