*** transform info ***
phi = 1.19417E+02
dx  = -8.89925E-01
dy  = 8.40568E-01
*** defect info ***
r  =  1.07228E+00
h  =  1.32389E-01
