*** transform info ***
phi = 9.04930E+01
dx  = 4.22175E+00
dy  = 1.91701E+00
*** defect info ***
r  =  6.39149E-01
h  =  3.96593E-02
