*** transform info ***
phi = 1.17395E+02
dx  = -6.66086E+00
dy  = 2.31403E-01
*** defect info ***
r  =  6.01998E-01
h  =  1.36631E-01
