*** transform info ***
phi = 1.16901E+02
dx  = -4.19790E-01
dy  = 1.04973E+00
*** defect info ***
r  =  1.08124E-01
h  =  5.73616E-02
