*** transform info ***
phi = 7.34112E+01
dx  = 3.05000E+00
dy  = -4.94277E+00
*** defect info ***
r  =  5.03105E-01
h  =  1.63592E-01
