*** transform info ***
phi = 7.22053E+01
dx  = 7.81346E+00
dy  = 5.75215E-01
*** defect info ***
r  =  9.62238E-01
h  =  1.91818E-01
