*** transform info ***
phi = 1.43104E+02
dx  = -2.65840E+00
dy  = 4.55735E-01
*** defect info ***
r  =  7.96975E-01
h  =  1.10255E-01
