*** transform info ***
phi = 5.89637E+01
dx  = 2.49678E+00
dy  = -4.40207E+00
*** defect info ***
r  =  2.24333E-01
h  =  3.27146E-02
