*** transform info ***
phi = 4.25884E+01
dx  = -2.36691E-01
dy  = 3.87183E+00
*** defect info ***
r  =  8.17928E-01
h  =  8.24957E-02
