*** transform info ***
phi = 1.44578E+02
dx  = -2.00032E-01
dy  = 1.17739E+00
*** defect info ***
r  =  7.98439E-01
h  =  1.83460E-01
