*** transform info ***
phi = 7.12999E+01
dx  = 5.21732E+00
dy  = -5.13628E+00
*** defect info ***
r  =  5.88584E-01
h  =  7.24840E-02
