*** transform info ***
phi = 1.04351E+02
dx  = -2.99086E-01
dy  = 3.68583E+00
*** defect info ***
r  =  4.89597E-01
h  =  3.55630E-02
