*** transform info ***
phi = 8.41032E+00
dx  = 1.12711E+00
dy  = -1.24868E+00
*** defect info ***
r  =  4.40683E-01
h  =  6.19660E-02
