*** transform info ***
phi = 8.49787E+01
dx  = -2.70369E+00
dy  = 4.81128E+00
*** defect info ***
r  =  4.72455E-01
h  =  1.39205E-01
