*** transform info ***
phi = 2.24094E+01
dx  = 2.27463E-01
dy  = 1.71356E+00
*** defect info ***
r  =  1.02821E+00
h  =  1.55860E-01
