*** transform info ***
phi = 1.69139E+02
dx  = 3.68773E+00
dy  = -2.71648E+00
*** defect info ***
r  =  5.07845E-01
h  =  1.58281E-01
