*** transform info ***
phi = 1.42616E+02
dx  = 6.77531E+00
dy  = 4.56944E-01
*** defect info ***
r  =  7.44451E-01
h  =  1.58843E-01
