*** transform info ***
phi = 1.72928E+02
dx  = 5.36725E+00
dy  = -2.62934E+00
*** defect info ***
r  =  5.15553E-01
h  =  7.89193E-02
