*** transform info ***
phi = 1.53176E+02
dx  = 4.82028E+00
dy  = 2.64473E+00
*** defect info ***
r  =  8.90012E-01
h  =  9.74701E-02
