*** transform info ***
phi = 1.60177E+00
dx  = -5.97504E+00
dy  = -2.13950E+00
*** defect info ***
r  =  8.74843E-01
h  =  1.17674E-01
