*** transform info ***
phi = 4.79416E+01
dx  = -1.50789E+00
dy  = -1.59832E+00
*** defect info ***
r  =  5.52198E-01
h  =  7.86634E-02
