*** transform info ***
phi = 4.21390E+01
dx  = 1.19727E+00
dy  = 3.47609E+00
*** defect info ***
r  =  1.12631E+00
h  =  1.69021E-01
