*** transform info ***
phi = 2.23669E+00
dx  = -5.81415E+00
dy  = -3.71457E+00
*** defect info ***
r  =  1.13407E+00
h  =  6.96822E-02
