*** transform info ***
phi = 2.08184E+01
dx  = -7.34957E+00
dy  = -1.26138E+00
*** defect info ***
r  =  1.03976E+00
h  =  1.85749E-01
