*** transform info ***
phi = 7.96869E+01
dx  = 5.31685E+00
dy  = 1.70024E+00
*** defect info ***
r  =  2.23245E-01
h  =  5.57217E-02
