*** transform info ***
phi = 1.22517E+02
dx  = -5.85724E-01
dy  = -3.78576E+00
*** defect info ***
r  =  1.07688E+00
h  =  1.14844E-01
