*** transform info ***
phi = 1.53859E+01
dx  = 4.93268E-01
dy  = 3.73286E+00
*** defect info ***
r  =  2.88302E-01
h  =  7.55861E-02
