*** transform info ***
phi = 1.65118E+00
dx  = -4.14599E+00
dy  = 1.07896E+00
*** defect info ***
r  =  7.78765E-01
h  =  9.28824E-02
