*** transform info ***
phi = 9.83644E+01
dx  = 1.09684E+00
dy  = -1.75108E+00
*** defect info ***
r  =  1.19480E+00
h  =  1.35671E-01
