*** transform info ***
phi = 1.56901E+02
dx  = 2.87617E+00
dy  = 3.54957E+00
*** defect info ***
r  =  4.24289E-01
h  =  7.95571E-02
