*** transform info ***
phi = 1.65036E+02
dx  = 6.58323E+00
dy  = 4.81062E+00
*** defect info ***
r  =  6.67663E-01
h  =  6.11210E-02
