*** transform info ***
phi = 1.56840E+02
dx  = 6.80831E+00
dy  = 3.55312E+00
*** defect info ***
r  =  6.18495E-01
h  =  2.05894E-02
