*** transform info ***
phi = 7.99839E+01
dx  = 4.66380E+00
dy  = 2.43042E+00
*** defect info ***
r  =  8.97564E-01
h  =  1.69056E-01
