*** transform info ***
phi = 3.21826E+01
dx  = 2.39962E+00
dy  = -2.06788E+00
*** defect info ***
r  =  1.16099E+00
h  =  1.23343E-01
