*** transform info ***
phi = 6.17940E+01
dx  = 5.12307E+00
dy  = 3.51595E+00
*** defect info ***
r  =  1.08085E+00
h  =  1.03625E-01
