*** transform info ***
phi = 5.58970E+01
dx  = 4.53545E+00
dy  = 6.14049E+00
*** defect info ***
r  =  1.12831E+00
h  =  1.91217E-01
