*** transform info ***
phi = 6.51011E+01
dx  = 4.55103E+00
dy  = -5.62682E-01
*** defect info ***
r  =  1.09860E+00
h  =  1.23156E-01
