*** transform info ***
phi = 3.81090E+01
dx  = 2.78627E+00
dy  = -2.27702E+00
*** defect info ***
r  =  1.06951E+00
h  =  1.49476E-01
