*** transform info ***
phi = 2.92145E+01
dx  = 3.72758E+00
dy  = 2.45324E+00
*** defect info ***
r  =  4.47485E-01
h  =  2.30976E-02
