*** transform info ***
phi = 1.78908E+02
dx  = 3.59614E+00
dy  = 1.47926E+00
*** defect info ***
r  =  9.82042E-01
h  =  8.17420E-02
