*** transform info ***
phi = 9.69940E+01
dx  = -5.97205E+00
dy  = -2.90228E+00
*** defect info ***
r  =  5.04937E-01
h  =  1.01285E-01
