*** transform info ***
phi = 5.87359E+01
dx  = 1.64548E+00
dy  = -5.72207E-01
*** defect info ***
r  =  3.18995E-01
h  =  6.39995E-02
