*** transform info ***
phi = 7.71883E+01
dx  = -5.11478E+00
dy  = 3.49353E+00
*** defect info ***
r  =  4.77164E-01
h  =  1.63158E-01
