*** transform info ***
phi = 8.61024E+01
dx  = 5.01122E+00
dy  = -3.95532E+00
*** defect info ***
r  =  7.67701E-01
h  =  1.29867E-01
