*** transform info ***
phi = 1.19958E+02
dx  = -9.51643E-01
dy  = -3.70326E+00
*** defect info ***
r  =  5.55095E-01
h  =  1.03013E-01
