*** transform info ***
phi = 5.48264E+00
dx  = -3.47316E+00
dy  = -1.22883E+00
*** defect info ***
r  =  8.57246E-01
h  =  1.01043E-01
