*** transform info ***
phi = 8.30145E+01
dx  = 7.26209E-02
dy  = 2.82390E+00
*** defect info ***
r  =  5.73593E-01
h  =  8.70050E-02
