*** transform info ***
phi = 1.06560E+02
dx  = -5.13395E+00
dy  = -1.12880E-01
*** defect info ***
r  =  4.78317E-01
h  =  9.68094E-02
