*** transform info ***
phi = 4.56875E+01
dx  = -1.84104E+00
dy  = -4.88907E+00
*** defect info ***
r  =  5.88011E-01
h  =  1.46206E-01
