*** transform info ***
phi = 1.43876E+02
dx  = 5.38793E+00
dy  = -5.75684E-01
*** defect info ***
r  =  4.87728E-01
h  =  1.30681E-01
