*** transform info ***
phi = 1.58234E+02
dx  = 5.66217E+00
dy  = -6.03882E+00
*** defect info ***
r  =  6.28110E-01
h  =  7.67960E-02
