*** transform info ***
phi = 1.73204E+02
dx  = 1.70820E+00
dy  = 4.60755E+00
*** defect info ***
r  =  1.04464E+00
h  =  1.41349E-01
