*** transform info ***
phi = 7.74350E+01
dx  = -4.86966E+00
dy  = 3.70052E+00
*** defect info ***
r  =  4.22217E-01
h  =  1.88895E-01
