*** transform info ***
phi = 6.28177E+01
dx  = 5.31900E+00
dy  = -7.62757E+00
*** defect info ***
r  =  7.94240E-01
h  =  9.56498E-02
