*** transform info ***
phi = 3.05849E+01
dx  = 7.85100E-01
dy  = 3.54531E+00
*** defect info ***
r  =  1.05388E+00
h  =  1.48569E-01
