*** transform info ***
phi = 3.05497E+01
dx  = -2.89200E+00
dy  = 2.04458E+00
*** defect info ***
r  =  1.05393E+00
h  =  1.31358E-01
