*** transform info ***
phi = 5.44041E+01
dx  = 5.36780E+00
dy  = -2.93086E-01
*** defect info ***
r  =  4.59916E-01
h  =  6.83533E-02
