*** transform info ***
phi = 1.06529E+02
dx  = -6.79857E+00
dy  = -4.19769E-01
*** defect info ***
r  =  8.87179E-01
h  =  6.21608E-02
