*** transform info ***
phi = 9.22149E+01
dx  = 7.70568E+00
dy  = 3.59453E+00
*** defect info ***
r  =  6.84878E-01
h  =  5.09302E-02
