*** transform info ***
phi = 1.56408E+02
dx  = -1.67140E+00
dy  = -3.12225E+00
*** defect info ***
r  =  8.18558E-01
h  =  1.31681E-01
