*** transform info ***
phi = 1.75513E+02
dx  = 1.00149E+00
dy  = -4.62206E+00
*** defect info ***
r  =  8.57879E-01
h  =  5.77704E-02
