*** transform info ***
phi = 8.85527E+01
dx  = -3.46901E+00
dy  = -3.57944E-01
*** defect info ***
r  =  6.50233E-01
h  =  8.59588E-02
