*** transform info ***
phi = 1.79550E+02
dx  = 7.96548E+00
dy  = 4.93434E+00
*** defect info ***
r  =  5.60320E-01
h  =  9.23688E-02
