*** transform info ***
phi = 6.42730E+01
dx  = 3.03061E+00
dy  = -1.88028E+00
*** defect info ***
r  =  6.64055E-01
h  =  1.66903E-01
