*** transform info ***
phi = 1.47800E+02
dx  = 2.00612E+00
dy  = 5.85742E+00
*** defect info ***
r  =  8.91598E-01
h  =  8.41997E-02
