*** transform info ***
phi = 1.74801E+02
dx  = 7.85770E+00
dy  = 3.39806E+00
*** defect info ***
r  =  7.84336E-01
h  =  1.09308E-01
