*** transform info ***
phi = 1.25552E+02
dx  = 2.19126E+00
dy  = 1.08747E+00
*** defect info ***
r  =  5.41991E-01
h  =  5.84676E-02
