*** transform info ***
phi = 9.28832E+01
dx  = -2.77820E-01
dy  = 4.48811E+00
*** defect info ***
r  =  8.50330E-01
h  =  1.67086E-01
