*** transform info ***
phi = 1.15802E+02
dx  = 6.33627E+00
dy  = 1.13298E+00
*** defect info ***
r  =  1.06554E+00
h  =  1.05962E-01
