*** transform info ***
phi = 7.89717E+01
dx  = 3.51351E+00
dy  = -2.69524E+00
*** defect info ***
r  =  7.50859E-01
h  =  7.29182E-02
