*** transform info ***
phi = 1.44945E+02
dx  = 1.19431E+00
dy  = -3.87744E+00
*** defect info ***
r  =  1.14622E+00
h  =  1.85801E-01
