*** transform info ***
phi = 1.03166E+02
dx  = -3.50668E+00
dy  = -1.03333E+00
*** defect info ***
r  =  7.38265E-01
h  =  1.64162E-01
