*** transform info ***
phi = 1.31291E+02
dx  = -1.84594E+00
dy  = 2.84345E+00
*** defect info ***
r  =  2.34669E-01
h  =  2.78617E-02
