*** transform info ***
phi = 1.52298E-01
dx  = -1.58899E+00
dy  = 5.49481E-01
*** defect info ***
r  =  6.52205E-01
h  =  8.43551E-02
