*** transform info ***
phi = 1.79214E+02
dx  = -4.28456E+00
dy  = 2.52422E+00
*** defect info ***
r  =  5.74906E-01
h  =  4.48030E-02
