*** transform info ***
phi = 1.68429E+02
dx  = 9.72685E-02
dy  = 4.00591E+00
*** defect info ***
r  =  5.25054E-01
h  =  6.51249E-02
