*** transform info ***
phi = 3.10061E+01
dx  = -4.77242E+00
dy  = -1.42702E+00
*** defect info ***
r  =  5.21201E-01
h  =  1.16153E-01
