*** transform info ***
phi = 1.24112E+02
dx  = 5.19262E+00
dy  = 2.12204E+00
*** defect info ***
r  =  3.71434E-01
h  =  7.95130E-02
