*** transform info ***
phi = 1.59350E+02
dx  = 2.04793E+00
dy  = -3.53733E+00
*** defect info ***
r  =  9.03999E-01
h  =  1.17370E-01
