*** transform info ***
phi = 8.49644E+01
dx  = -4.73752E+00
dy  = 1.33202E+00
*** defect info ***
r  =  8.75813E-01
h  =  1.59424E-01
