*** transform info ***
phi = 4.23448E+01
dx  = -1.63050E+00
dy  = -3.41488E+00
*** defect info ***
r  =  4.45299E-01
h  =  6.58462E-02
