*** transform info ***
phi = 1.22199E+02
dx  = -2.04950E+00
dy  = -2.29903E+00
*** defect info ***
r  =  1.11250E+00
h  =  6.41071E-02
