*** transform info ***
phi = 2.22541E+01
dx  = -2.44110E+00
dy  = 3.31165E-02
*** defect info ***
r  =  1.15591E+00
h  =  5.84225E-02
