*** transform info ***
phi = 5.86218E+01
dx  = -1.68288E+00
dy  = 1.43024E+00
*** defect info ***
r  =  9.47459E-01
h  =  7.02503E-02
