*** transform info ***
phi = 1.01358E+02
dx  = -3.45353E+00
dy  = 7.32713E-01
*** defect info ***
r  =  4.50087E-01
h  =  8.68926E-02
