*** transform info ***
phi = 8.37807E+00
dx  = 4.35354E+00
dy  = 4.57186E-01
*** defect info ***
r  =  4.19863E-01
h  =  8.96141E-02
