*** transform info ***
phi = 3.69187E+01
dx  = 9.32352E-01
dy  = 3.25080E+00
*** defect info ***
r  =  7.26593E-01
h  =  7.84343E-02
