*** transform info ***
phi = 1.10677E+02
dx  = -2.32130E+00
dy  = -2.09178E+00
*** defect info ***
r  =  7.96779E-01
h  =  7.22601E-02
