*** transform info ***
phi = 1.40250E+02
dx  = -1.84461E+00
dy  = -6.41195E+00
*** defect info ***
r  =  7.09336E-01
h  =  2.66061E-02
