*** transform info ***
phi = 1.51912E+02
dx  = -4.71842E+00
dy  = -2.96091E-01
*** defect info ***
r  =  9.45500E-01
h  =  1.68587E-01
