*** transform info ***
phi = 1.17547E+02
dx  = -6.59477E+00
dy  = -1.42165E+00
*** defect info ***
r  =  1.01246E+00
h  =  1.27541E-01
