*** transform info ***
phi = 1.22936E+02
dx  = 2.68746E+00
dy  = -1.68687E+00
*** defect info ***
r  =  6.20025E-01
h  =  4.98191E-02
