*** transform info ***
phi = 1.63100E+02
dx  = 2.55264E+00
dy  = 1.24429E-01
*** defect info ***
r  =  1.06555E+00
h  =  1.94246E-01
