*** transform info ***
phi = 4.61461E+01
dx  = 2.01909E+00
dy  = 3.44326E+00
*** defect info ***
r  =  7.90243E-01
h  =  9.92510E-02
