*** transform info ***
phi = 7.52769E+01
dx  = 7.89502E+00
dy  = -4.06356E-02
*** defect info ***
r  =  1.07141E+00
h  =  1.26559E-01
