*** transform info ***
phi = 2.63940E+00
dx  = 4.77595E+00
dy  = 2.61629E+00
*** defect info ***
r  =  5.26363E-01
h  =  4.63124E-02
