*** transform info ***
phi = 1.57776E+02
dx  = 7.97119E-01
dy  = -9.82988E-01
*** defect info ***
r  =  7.94059E-01
h  =  2.94375E-02
