*** transform info ***
phi = 1.47553E+02
dx  = 5.62241E+00
dy  = -2.91354E+00
*** defect info ***
r  =  8.20176E-01
h  =  1.43905E-01
