*** transform info ***
phi = 3.46435E+01
dx  = 3.21744E+00
dy  = 3.53542E+00
*** defect info ***
r  =  1.16277E+00
h  =  8.24022E-02
