*** transform info ***
phi = 8.32038E+01
dx  = -7.05398E+00
dy  = 6.05822E-01
*** defect info ***
r  =  6.21783E-01
h  =  2.64197E-02
