*** transform info ***
phi = 7.84807E+00
dx  = -3.83219E+00
dy  = -5.72958E-02
*** defect info ***
r  =  2.46123E-01
h  =  7.02212E-02
