*** transform info ***
phi = 1.67154E+02
dx  = -7.83534E+00
dy  = 3.31083E+00
*** defect info ***
r  =  1.14131E+00
h  =  1.39172E-01
