*** transform info ***
phi = 9.71977E+01
dx  = -2.77007E+00
dy  = -2.53197E-01
*** defect info ***
r  =  7.46832E-01
h  =  7.65404E-02
