*** transform info ***
phi = 1.44667E+02
dx  = 4.17566E+00
dy  = -3.92933E+00
*** defect info ***
r  =  9.57320E-01
h  =  1.55568E-01
