*** transform info ***
phi = 1.63243E+02
dx  = 5.37546E+00
dy  = -5.88523E-01
*** defect info ***
r  =  1.13942E+00
h  =  1.24879E-01
