*** transform info ***
phi = 1.43858E+02
dx  = -5.73454E+00
dy  = 3.39083E+00
*** defect info ***
r  =  5.68614E-01
h  =  1.73580E-01
