*** transform info ***
phi = 1.43712E+02
dx  = -1.96309E+00
dy  = 5.86087E+00
*** defect info ***
r  =  1.05513E+00
h  =  1.01995E-01
