*** transform info ***
phi = 1.18385E+02
dx  = 7.63256E-02
dy  = 1.60616E+00
*** defect info ***
r  =  1.00221E+00
h  =  1.73773E-01
