*** transform info ***
phi = 1.12204E+02
dx  = 7.24187E+00
dy  = 9.37897E-01
*** defect info ***
r  =  1.08606E+00
h  =  1.80794E-01
