*** transform info ***
phi = 8.91771E+01
dx  = -5.75967E+00
dy  = -2.14692E+00
*** defect info ***
r  =  7.84770E-01
h  =  5.95136E-02
