*** transform info ***
phi = 1.68907E+00
dx  = -3.46664E+00
dy  = -3.09001E-01
*** defect info ***
r  =  9.53751E-01
h  =  1.68047E-01
