*** transform info ***
phi = 1.51718E+02
dx  = -5.19114E+00
dy  = 2.19667E+00
*** defect info ***
r  =  7.35984E-01
h  =  1.97783E-01
