*** transform info ***
phi = 1.53149E+02
dx  = 2.84848E+00
dy  = 4.53052E+00
*** defect info ***
r  =  1.02286E+00
h  =  1.43314E-01
