*** transform info ***
phi = 1.53516E+02
dx  = 6.49240E+00
dy  = -6.45834E+00
*** defect info ***
r  =  9.11337E-01
h  =  5.95819E-02
