*** transform info ***
phi = 6.36739E+01
dx  = 6.34332E+00
dy  = -4.96405E+00
*** defect info ***
r  =  5.97724E-01
h  =  1.92103E-01
