*** transform info ***
phi = 9.44092E+01
dx  = 6.97365E-02
dy  = -4.18090E+00
*** defect info ***
r  =  7.24438E-01
h  =  1.38979E-01
