*** transform info ***
phi = 8.28238E+01
dx  = 7.02548E+00
dy  = 1.36367E+00
*** defect info ***
r  =  1.02838E-01
h  =  8.47074E-02
