*** transform info ***
phi = 1.56963E+02
dx  = -3.32858E+00
dy  = -3.34956E+00
*** defect info ***
r  =  6.30090E-01
h  =  1.06096E-01
