*** transform info ***
phi = 1.51778E+02
dx  = 4.62507E+00
dy  = -7.35773E+00
*** defect info ***
r  =  6.89486E-01
h  =  1.35290E-01
