*** transform info ***
phi = 9.78651E+01
dx  = 2.71915E+00
dy  = 2.59609E+00
*** defect info ***
r  =  8.00585E-01
h  =  1.52098E-01
