*** transform info ***
phi = 5.85363E+01
dx  = -5.41593E+00
dy  = 4.62236E+00
*** defect info ***
r  =  1.00158E+00
h  =  1.96380E-01
