*** transform info ***
phi = 1.78465E+02
dx  = -6.68453E+00
dy  = -4.44044E-01
*** defect info ***
r  =  1.13174E+00
h  =  7.41385E-02
