*** transform info ***
phi = 1.56047E+02
dx  = -6.22376E+00
dy  = -6.19217E-01
*** defect info ***
r  =  9.96023E-01
h  =  5.41336E-02
