*** transform info ***
phi = 5.63605E+01
dx  = -8.46950E-01
dy  = 5.13212E+00
*** defect info ***
r  =  7.61580E-01
h  =  7.63385E-02
