*** transform info ***
phi = 1.48122E+02
dx  = -8.06907E-01
dy  = -2.16998E+00
*** defect info ***
r  =  6.06436E-01
h  =  1.08099E-01
