*** transform info ***
phi = 1.36616E+02
dx  = -1.39581E+00
dy  = 5.15136E+00
*** defect info ***
r  =  3.51906E-01
h  =  3.36864E-02
