*** transform info ***
phi = 1.24947E+02
dx  = 1.15180E-01
dy  = -3.30464E-01
*** defect info ***
r  =  6.72810E-01
h  =  1.98196E-01
