*** transform info ***
phi = 1.10653E+02
dx  = -2.27813E+00
dy  = 2.99754E+00
*** defect info ***
r  =  1.00104E+00
h  =  1.05535E-01
