*** transform info ***
phi = 4.16122E+01
dx  = -3.60120E+00
dy  = -1.98303E+00
*** defect info ***
r  =  9.68389E-01
h  =  1.50546E-01
