*** transform info ***
phi = 2.74966E+01
dx  = -4.88360E-01
dy  = 2.20899E+00
*** defect info ***
r  =  4.51992E-01
h  =  1.32260E-01
