*** transform info ***
phi = 1.53143E+02
dx  = 1.53725E+00
dy  = -6.95057E-01
*** defect info ***
r  =  4.78876E-01
h  =  1.41870E-01
