*** transform info ***
phi = 6.39294E+00
dx  = 3.76356E-01
dy  = 2.91279E+00
*** defect info ***
r  =  7.44207E-01
h  =  1.34599E-01
