*** transform info ***
phi = 1.43819E+02
dx  = -3.39654E+00
dy  = -3.92400E+00
*** defect info ***
r  =  9.15295E-01
h  =  1.46726E-01
