*** transform info ***
phi = 1.19020E+02
dx  = -2.59281E+00
dy  = 1.49611E+00
*** defect info ***
r  =  7.14284E-01
h  =  1.22800E-01
