*** transform info ***
phi = 9.48294E+01
dx  = -1.19972E+00
dy  = -1.48463E+00
*** defect info ***
r  =  8.27303E-01
h  =  1.00809E-01
