*** transform info ***
phi = 6.39650E+01
dx  = -6.20792E+00
dy  = -6.47044E+00
*** defect info ***
r  =  6.94158E-01
h  =  1.33447E-01
