*** transform info ***
phi = 6.26925E+01
dx  = 2.98807E+00
dy  = -6.50637E-01
*** defect info ***
r  =  6.24911E-01
h  =  5.48670E-02
