*** transform info ***
phi = 7.66736E+01
dx  = 1.17936E+00
dy  = -5.95700E-01
*** defect info ***
r  =  4.82425E-01
h  =  2.78325E-02
