*** transform info ***
phi = 1.76529E+02
dx  = -6.69026E+00
dy  = 4.01150E+00
*** defect info ***
r  =  1.51323E-01
h  =  3.91826E-02
