*** transform info ***
phi = 1.48761E+02
dx  = 4.71341E+00
dy  = -1.91504E-01
*** defect info ***
r  =  4.06623E-01
h  =  8.93440E-02
