*** transform info ***
phi = 7.46959E+01
dx  = -6.95025E+00
dy  = -4.09377E+00
*** defect info ***
r  =  9.44211E-01
h  =  1.06654E-01
