*** transform info ***
phi = 1.64382E+02
dx  = -2.23970E+00
dy  = 3.74037E+00
*** defect info ***
r  =  5.82437E-01
h  =  1.84895E-01
