*** transform info ***
phi = 5.87556E+01
dx  = 4.56029E+00
dy  = -5.88142E+00
*** defect info ***
r  =  7.01048E-01
h  =  9.33100E-02
