*** transform info ***
phi = 1.47649E+02
dx  = 2.05775E+00
dy  = -3.56376E+00
*** defect info ***
r  =  8.28872E-01
h  =  1.45361E-01
