*** transform info ***
phi = 1.55061E+02
dx  = 7.48418E+00
dy  = -3.26544E+00
*** defect info ***
r  =  4.18606E-01
h  =  1.70558E-01
