*** transform info ***
phi = 4.27012E+01
dx  = -2.66467E+00
dy  = -7.49676E-01
*** defect info ***
r  =  7.07849E-01
h  =  1.88933E-01
