*** transform info ***
phi = 8.58364E+01
dx  = -7.47916E+00
dy  = -2.11772E+00
*** defect info ***
r  =  3.14575E-01
h  =  7.96240E-02
