*** transform info ***
phi = 5.38425E+01
dx  = 2.07928E+00
dy  = -3.42139E+00
*** defect info ***
r  =  9.46013E-01
h  =  1.33846E-01
