*** transform info ***
phi = 4.21022E+01
dx  = 4.51763E+00
dy  = -8.99374E-01
*** defect info ***
r  =  2.38080E-01
h  =  5.29915E-02
