*** transform info ***
phi = 1.15958E+02
dx  = -1.53703E+00
dy  = 7.57427E-01
*** defect info ***
r  =  3.91666E-01
h  =  3.18297E-02
