*** transform info ***
phi = 1.52034E+02
dx  = 1.82689E+00
dy  = 1.07825E+00
*** defect info ***
r  =  4.91744E-01
h  =  1.70579E-01
