*** transform info ***
phi = 1.56206E+02
dx  = 7.06194E+00
dy  = -2.38629E+00
*** defect info ***
r  =  1.13658E+00
h  =  1.93567E-01
