*** transform info ***
phi = 1.50350E+02
dx  = 5.43168E+00
dy  = -4.47922E+00
*** defect info ***
r  =  3.48631E-01
h  =  9.59020E-02
