*** transform info ***
phi = 1.25699E+02
dx  = 5.38439E+00
dy  = 8.34618E-01
*** defect info ***
r  =  6.63163E-01
h  =  1.96435E-01
