*** transform info ***
phi = 1.14472E+02
dx  = -5.54894E+00
dy  = -1.11252E+00
*** defect info ***
r  =  6.17211E-01
h  =  2.57133E-02
