*** transform info ***
phi = 9.24371E+01
dx  = 1.88665E+00
dy  = 3.85804E+00
*** defect info ***
r  =  8.69530E-01
h  =  1.69667E-01
