*** transform info ***
phi = 6.43518E+01
dx  = 7.27556E+00
dy  = 3.92752E+00
*** defect info ***
r  =  8.64498E-01
h  =  6.04817E-02
