*** transform info ***
phi = 1.41879E+02
dx  = 4.66028E+00
dy  = -2.97874E-01
*** defect info ***
r  =  8.93215E-01
h  =  7.25390E-02
