*** transform info ***
phi = 4.33510E+01
dx  = -2.97548E+00
dy  = -1.24083E+00
*** defect info ***
r  =  9.34765E-01
h  =  1.91317E-01
