*** transform info ***
phi = 9.13054E+01
dx  = -5.74668E+00
dy  = 4.06933E+00
*** defect info ***
r  =  6.23530E-01
h  =  1.25002E-01
