*** transform info ***
phi = 1.30325E+02
dx  = -1.56751E+00
dy  = -5.45709E+00
*** defect info ***
r  =  8.07438E-01
h  =  1.64080E-01
