*** transform info ***
phi = 1.53699E+02
dx  = 6.03830E-01
dy  = 2.32780E+00
*** defect info ***
r  =  1.02546E+00
h  =  6.72422E-02
