*** transform info ***
phi = 4.07281E+01
dx  = -4.52096E+00
dy  = -8.84827E-01
*** defect info ***
r  =  5.74329E-01
h  =  1.34519E-01
