*** transform info ***
phi = 2.29268E+01
dx  = 4.59216E+00
dy  = 2.25873E+00
*** defect info ***
r  =  7.91854E-01
h  =  1.38975E-01
