*** transform info ***
phi = 1.77069E+02
dx  = 2.11890E+00
dy  = 1.88094E+00
*** defect info ***
r  =  5.68565E-01
h  =  1.90255E-01
