*** transform info ***
phi = 8.41217E+00
dx  = 4.46614E+00
dy  = 2.36801E+00
*** defect info ***
r  =  8.38752E-01
h  =  9.75593E-02
