*** transform info ***
phi = 1.52327E+02
dx  = 4.82719E+00
dy  = 6.10720E+00
*** defect info ***
r  =  8.71995E-01
h  =  1.86718E-01
