*** transform info ***
phi = 1.36240E+02
dx  = 3.84429E+00
dy  = 3.18740E+00
*** defect info ***
r  =  1.13597E+00
h  =  8.64080E-02
