*** transform info ***
phi = 4.85125E+01
dx  = -7.93007E-01
dy  = 4.08754E+00
*** defect info ***
r  =  7.73840E-01
h  =  7.64770E-02
