*** transform info ***
phi = 7.21497E+01
dx  = 6.67718E+00
dy  = 4.44997E+00
*** defect info ***
r  =  8.33180E-01
h  =  8.54650E-02
