*** transform info ***
phi = 1.66621E+02
dx  = -6.81957E+00
dy  = 4.98248E+00
*** defect info ***
r  =  8.66737E-01
h  =  6.67328E-02
