*** transform info ***
phi = 8.80931E+01
dx  = -7.30492E+00
dy  = -1.82642E+00
*** defect info ***
r  =  1.02045E+00
h  =  1.86769E-01
