*** transform info ***
phi = 1.66899E+02
dx  = -3.94340E+00
dy  = 5.05234E-01
*** defect info ***
r  =  6.07967E-01
h  =  1.67702E-01
