*** transform info ***
phi = 1.50240E+02
dx  = -4.14671E-01
dy  = 1.11007E+00
*** defect info ***
r  =  1.16297E+00
h  =  1.51193E-01
