*** transform info ***
phi = 6.70441E+01
dx  = -7.87533E+00
dy  = -1.30345E+00
*** defect info ***
r  =  6.70216E-01
h  =  6.17347E-02
