*** transform info ***
phi = 1.02329E+02
dx  = 3.94839E+00
dy  = 2.01540E+00
*** defect info ***
r  =  4.16869E-01
h  =  2.10561E-02
