*** transform info ***
phi = 4.87327E-01
dx  = -5.24142E+00
dy  = -2.17739E+00
*** defect info ***
r  =  6.45751E-01
h  =  8.53582E-02
