*** transform info ***
phi = 1.09823E+02
dx  = -2.11880E+00
dy  = -3.11559E+00
*** defect info ***
r  =  4.25654E-01
h  =  1.92502E-01
