*** transform info ***
phi = 7.13854E+01
dx  = -4.95418E+00
dy  = -4.90001E+00
*** defect info ***
r  =  6.31285E-01
h  =  7.23262E-02
