*** transform info ***
phi = 1.57200E+02
dx  = 1.22002E+00
dy  = 4.33116E+00
*** defect info ***
r  =  6.99061E-01
h  =  1.53884E-01
