*** transform info ***
phi = 6.30887E+01
dx  = -5.58402E+00
dy  = -4.76446E+00
*** defect info ***
r  =  6.53055E-01
h  =  8.46892E-02
