*** transform info ***
phi = 1.49487E+02
dx  = 3.43257E+00
dy  = 4.81986E+00
*** defect info ***
r  =  6.21424E-01
h  =  1.27627E-01
