*** transform info ***
phi = 1.52052E+02
dx  = 3.47684E+00
dy  = 5.50025E+00
*** defect info ***
r  =  3.33178E-01
h  =  2.09960E-02
