*** transform info ***
phi = 1.37253E+02
dx  = 1.93992E+00
dy  = 4.78570E+00
*** defect info ***
r  =  9.14741E-01
h  =  1.15739E-01
