*** transform info ***
phi = 1.50873E+02
dx  = 3.41100E+00
dy  = 6.91571E+00
*** defect info ***
r  =  6.82667E-01
h  =  8.45431E-02
