*** transform info ***
phi = 1.40135E+02
dx  = -3.58288E+00
dy  = 1.64725E+00
*** defect info ***
r  =  5.48790E-01
h  =  8.92004E-02
