*** transform info ***
phi = 6.20446E+01
dx  = -1.90398E+00
dy  = -5.05314E+00
*** defect info ***
r  =  1.87344E-01
h  =  6.68565E-02
