*** transform info ***
phi = 9.09319E+01
dx  = 5.67756E+00
dy  = -8.67550E-01
*** defect info ***
r  =  9.47114E-01
h  =  1.25778E-01
