*** transform info ***
phi = 1.76928E+02
dx  = 3.86876E+00
dy  = 2.95975E-01
*** defect info ***
r  =  7.06216E-01
h  =  5.90022E-02
