*** transform info ***
phi = 9.89435E+01
dx  = -4.51135E+00
dy  = 3.32915E+00
*** defect info ***
r  =  8.82274E-01
h  =  5.14700E-02
