*** transform info ***
phi = 3.45508E+01
dx  = -6.92863E+00
dy  = -2.80476E-01
*** defect info ***
r  =  5.29941E-01
h  =  1.47399E-01
