*** transform info ***
phi = 1.26980E+02
dx  = 1.19731E+00
dy  = -2.25204E+00
*** defect info ***
r  =  4.75036E-01
h  =  7.22317E-02
