*** transform info ***
phi = 1.68955E+02
dx  = -9.28074E-01
dy  = 8.69355E-01
*** defect info ***
r  =  7.37621E-01
h  =  2.37399E-02
