*** transform info ***
phi = 8.43724E+01
dx  = 6.34912E+00
dy  = 5.88545E-01
*** defect info ***
r  =  1.01133E+00
h  =  7.29471E-02
