*** transform info ***
phi = 1.28969E+02
dx  = 1.23289E-01
dy  = 2.68302E+00
*** defect info ***
r  =  8.16180E-01
h  =  1.50119E-01
