*** transform info ***
phi = 1.54043E+02
dx  = 4.46160E+00
dy  = 4.75738E+00
*** defect info ***
r  =  1.14557E+00
h  =  1.91427E-01
