*** transform info ***
phi = 1.50021E+01
dx  = 2.30048E+00
dy  = 2.86185E+00
*** defect info ***
r  =  8.00797E-01
h  =  5.93313E-02
