*** transform info ***
phi = 4.77293E+00
dx  = -4.88517E+00
dy  = -8.95707E-01
*** defect info ***
r  =  7.97856E-01
h  =  1.13364E-01
