*** transform info ***
phi = 4.59902E+01
dx  = -1.33113E+00
dy  = 8.22179E-01
*** defect info ***
r  =  1.10451E+00
h  =  1.08694E-01
