*** transform info ***
phi = 5.11428E+01
dx  = -2.87417E+00
dy  = -3.79017E+00
*** defect info ***
r  =  7.63807E-01
h  =  6.70001E-02
