*** transform info ***
phi = 7.14484E+01
dx  = -6.81758E+00
dy  = 4.52066E+00
*** defect info ***
r  =  1.35838E-01
h  =  9.66746E-02
