*** transform info ***
phi = 1.32301E+01
dx  = -7.79566E+00
dy  = 6.88882E-01
*** defect info ***
r  =  4.86037E-01
h  =  1.89878E-01
