*** transform info ***
phi = 1.60586E+02
dx  = -1.93130E+00
dy  = 4.91893E-01
*** defect info ***
r  =  7.72519E-01
h  =  3.05923E-02
