*** transform info ***
phi = 1.41058E+02
dx  = -7.01866E+00
dy  = -5.70420E-01
*** defect info ***
r  =  5.65157E-01
h  =  1.35982E-01
