*** transform info ***
phi = 1.39033E+02
dx  = 2.88800E+00
dy  = 5.34966E-01
*** defect info ***
r  =  4.57279E-01
h  =  3.18120E-02
