*** transform info ***
phi = 8.69306E+01
dx  = 6.62970E+00
dy  = 5.33013E-01
*** defect info ***
r  =  4.22096E-01
h  =  1.83805E-01
