*** transform info ***
phi = 8.31102E+01
dx  = -2.50172E+00
dy  = 4.64080E+00
*** defect info ***
r  =  7.19924E-01
h  =  7.63778E-02
