*** transform info ***
phi = 8.39944E+00
dx  = 6.87375E+00
dy  = -2.12563E+00
*** defect info ***
r  =  8.33793E-01
h  =  1.38904E-01
