*** transform info ***
phi = 1.04971E+02
dx  = -2.33290E+00
dy  = 2.00216E-01
*** defect info ***
r  =  6.17756E-01
h  =  2.12433E-02
