*** transform info ***
phi = 1.74324E+02
dx  = 2.10388E+00
dy  = -4.57528E+00
*** defect info ***
r  =  1.18171E+00
h  =  8.55948E-02
