*** transform info ***
phi = 1.73684E+02
dx  = -8.92077E-01
dy  = 3.25665E+00
*** defect info ***
r  =  1.19910E+00
h  =  1.46823E-01
