*** transform info ***
phi = 3.53091E+00
dx  = -7.96496E+00
dy  = 3.20867E+00
*** defect info ***
r  =  1.04851E+00
h  =  1.74172E-01
