*** transform info ***
phi = 1.70570E+02
dx  = -7.60687E+00
dy  = -4.55644E+00
*** defect info ***
r  =  1.01930E+00
h  =  1.65259E-01
