*** transform info ***
phi = 9.86457E+01
dx  = 7.63685E+00
dy  = 1.50184E+00
*** defect info ***
r  =  7.41416E-01
h  =  1.13537E-01
