*** transform info ***
phi = 2.90223E+01
dx  = -3.65612E+00
dy  = -1.28756E+00
*** defect info ***
r  =  5.28755E-01
h  =  1.22701E-01
