*** transform info ***
phi = 6.31503E+01
dx  = -5.02273E+00
dy  = 4.49022E-01
*** defect info ***
r  =  8.02125E-01
h  =  8.64357E-02
