*** transform info ***
phi = 7.28001E+01
dx  = 6.68479E+00
dy  = 4.10551E+00
*** defect info ***
r  =  8.35881E-01
h  =  1.19354E-01
