*** transform info ***
phi = 1.01201E+02
dx  = 4.55284E+00
dy  = -3.23393E+00
*** defect info ***
r  =  7.65362E-01
h  =  1.75667E-01
