*** transform info ***
phi = 3.06806E+01
dx  = -2.04259E+00
dy  = 1.47493E+00
*** defect info ***
r  =  6.89294E-01
h  =  9.48039E-02
