*** transform info ***
phi = 1.30167E+02
dx  = -2.66040E+00
dy  = 1.92566E+00
*** defect info ***
r  =  8.56721E-01
h  =  7.15235E-02
