*** transform info ***
phi = 1.34676E+02
dx  = 8.18551E-01
dy  = 4.08868E-01
*** defect info ***
r  =  5.98048E-01
h  =  1.85790E-01
