*** transform info ***
phi = 6.24279E+01
dx  = -4.91160E+00
dy  = -1.91809E+00
*** defect info ***
r  =  1.00786E+00
h  =  9.59196E-02
