*** transform info ***
phi = 3.29095E+01
dx  = 4.41834E+00
dy  = -7.57839E-01
*** defect info ***
r  =  1.11115E+00
h  =  7.07873E-02
