*** transform info ***
phi = 1.15976E+02
dx  = 1.23702E+00
dy  = -2.08558E+00
*** defect info ***
r  =  7.32972E-01
h  =  1.61132E-01
