*** transform info ***
phi = 1.10237E+02
dx  = 7.36044E+00
dy  = -5.74981E-01
*** defect info ***
r  =  5.00344E-01
h  =  5.13392E-02
