*** transform info ***
phi = 1.56930E+02
dx  = 6.64963E+00
dy  = -1.59639E+00
*** defect info ***
r  =  1.14490E+00
h  =  1.96274E-01
