*** transform info ***
phi = 9.57351E+01
dx  = 2.62441E+00
dy  = -3.87157E-01
*** defect info ***
r  =  6.51746E-01
h  =  1.20056E-01
