*** transform info ***
phi = 1.95928E+01
dx  = -2.98019E+00
dy  = 2.78580E+00
*** defect info ***
r  =  5.30440E-01
h  =  1.06678E-01
