*** transform info ***
phi = 7.82806E+01
dx  = -3.92439E+00
dy  = -3.37150E-01
*** defect info ***
r  =  1.15561E+00
h  =  6.74579E-02
