*** transform info ***
phi = 5.98976E+01
dx  = 4.86925E+00
dy  = 2.51617E+00
*** defect info ***
r  =  6.40264E-01
h  =  1.64572E-01
