*** transform info ***
phi = 1.77771E+02
dx  = -2.21197E+00
dy  = 2.71537E+00
*** defect info ***
r  =  6.67388E-01
h  =  8.19856E-02
