*** transform info ***
phi = 5.54746E+01
dx  = -5.38035E+00
dy  = 4.43180E+00
*** defect info ***
r  =  4.84288E-01
h  =  1.50757E-01
