*** transform info ***
phi = 6.97683E+00
dx  = -1.39597E+00
dy  = 3.30357E+00
*** defect info ***
r  =  8.05413E-01
h  =  1.21827E-01
