*** transform info ***
phi = 1.02592E+02
dx  = 4.85705E+00
dy  = -3.19520E+00
*** defect info ***
r  =  5.31603E-01
h  =  3.86680E-02
