*** transform info ***
phi = 1.61589E+02
dx  = 5.20577E+00
dy  = 5.03922E+00
*** defect info ***
r  =  6.28039E-01
h  =  8.01616E-02
