*** transform info ***
phi = 1.75631E+02
dx  = -7.23132E+00
dy  = 3.13143E+00
*** defect info ***
r  =  1.86156E-01
h  =  5.04019E-02
