*** transform info ***
phi = 3.43946E+01
dx  = -3.19725E+00
dy  = 1.69791E+00
*** defect info ***
r  =  8.55521E-01
h  =  1.04628E-01
