*** transform info ***
phi = 8.17014E+01
dx  = 5.99040E+00
dy  = -2.32214E+00
*** defect info ***
r  =  4.05635E-01
h  =  1.93609E-01
