*** transform info ***
phi = 6.05153E+01
dx  = 3.49946E+00
dy  = -4.44293E-01
*** defect info ***
r  =  5.80305E-01
h  =  2.99046E-02
