*** transform info ***
phi = 9.23715E+01
dx  = 2.50558E+00
dy  = -2.50952E+00
*** defect info ***
r  =  1.15007E+00
h  =  5.39161E-02
