*** transform info ***
phi = 5.95427E+01
dx  = -6.05207E+00
dy  = 5.64861E-01
*** defect info ***
r  =  6.88323E-01
h  =  1.18566E-01
