*** transform info ***
phi = 1.12344E+02
dx  = -6.30171E+00
dy  = 1.79197E+00
*** defect info ***
r  =  9.36018E-01
h  =  1.32833E-01
