*** transform info ***
phi = 1.26580E+02
dx  = -2.84157E+00
dy  = -1.25477E+00
*** defect info ***
r  =  5.62306E-01
h  =  5.76353E-02
