*** transform info ***
phi = 1.51984E+02
dx  = -5.78659E-01
dy  = 4.48612E+00
*** defect info ***
r  =  7.71237E-01
h  =  7.03393E-02
