*** transform info ***
phi = 6.98075E+01
dx  = 7.74477E+00
dy  = -2.53176E+00
*** defect info ***
r  =  5.07739E-01
h  =  7.49189E-02
