*** transform info ***
phi = 4.91922E+01
dx  = 1.13174E+00
dy  = -6.34940E+00
*** defect info ***
r  =  2.64055E-01
h  =  2.21650E-02
