*** transform info ***
phi = 1.10624E+02
dx  = 1.97272E+00
dy  = -3.58949E+00
*** defect info ***
r  =  1.06249E+00
h  =  1.84355E-01
