*** transform info ***
phi = 6.18161E+01
dx  = -1.32894E+00
dy  = 4.08263E+00
*** defect info ***
r  =  5.09460E-01
h  =  1.93112E-01
