*** transform info ***
phi = 1.31785E+02
dx  = -3.02242E+00
dy  = -3.82383E+00
*** defect info ***
r  =  6.66118E-01
h  =  1.52523E-01
