*** transform info ***
phi = 1.31778E+02
dx  = 4.09929E-01
dy  = 6.03283E+00
*** defect info ***
r  =  1.11968E+00
h  =  1.78071E-01
