*** transform info ***
phi = 1.75403E+02
dx  = 1.78385E+00
dy  = 1.89243E+00
*** defect info ***
r  =  5.71248E-01
h  =  8.67774E-02
