*** transform info ***
phi = 1.04438E+02
dx  = -3.41788E+00
dy  = -6.62289E-01
*** defect info ***
r  =  8.09084E-01
h  =  1.37973E-01
