*** transform info ***
phi = 6.10425E+01
dx  = -6.21011E+00
dy  = 5.17137E+00
*** defect info ***
r  =  5.63060E-01
h  =  7.17163E-02
