*** transform info ***
phi = 1.29744E+02
dx  = 4.02438E+00
dy  = 2.09978E+00
*** defect info ***
r  =  1.07606E+00
h  =  1.48528E-01
