*** transform info ***
phi = 6.63707E+01
dx  = -5.37672E+00
dy  = -3.31924E-01
*** defect info ***
r  =  1.15887E+00
h  =  1.32888E-01
