*** transform info ***
phi = 1.71575E+02
dx  = -7.20730E+00
dy  = -5.19729E+00
*** defect info ***
r  =  1.08155E+00
h  =  1.44890E-01
