*** transform info ***
phi = 4.91079E+01
dx  = -2.16983E+00
dy  = 6.04888E+00
*** defect info ***
r  =  1.03452E+00
h  =  8.79728E-02
