*** transform info ***
phi = 1.42161E+02
dx  = -5.03317E+00
dy  = -4.62297E+00
*** defect info ***
r  =  7.18530E-01
h  =  5.30821E-02
