*** transform info ***
phi = 4.45597E+01
dx  = 5.54567E+00
dy  = 1.11966E+00
*** defect info ***
r  =  1.61096E-01
h  =  7.93287E-02
