*** transform info ***
phi = 1.72028E+02
dx  = -2.72850E+00
dy  = -4.75971E+00
*** defect info ***
r  =  1.08522E+00
h  =  1.85581E-01
