*** transform info ***
phi = 2.96240E+01
dx  = 3.23883E+00
dy  = 2.65123E+00
*** defect info ***
r  =  1.19755E+00
h  =  1.24946E-01
