*** transform info ***
phi = 5.58415E+01
dx  = 2.67906E+00
dy  = 3.25674E+00
*** defect info ***
r  =  3.45830E-01
h  =  6.47057E-02
