*** transform info ***
phi = 1.44990E+02
dx  = 2.76315E+00
dy  = 8.55760E-01
*** defect info ***
r  =  1.02959E+00
h  =  6.31600E-02
