*** transform info ***
phi = 7.29258E+00
dx  = -7.37969E+00
dy  = 8.87139E-01
*** defect info ***
r  =  7.76161E-01
h  =  1.89444E-01
