*** transform info ***
phi = 7.02160E+01
dx  = 6.70490E+00
dy  = 5.81601E+00
*** defect info ***
r  =  6.80713E-01
h  =  1.33576E-01
