*** transform info ***
phi = 1.46447E+02
dx  = 6.10639E+00
dy  = 3.94135E+00
*** defect info ***
r  =  3.62177E-01
h  =  2.50651E-02
