*** transform info ***
phi = 2.65695E+01
dx  = 1.62729E+00
dy  = 3.62253E-01
*** defect info ***
r  =  4.43491E-01
h  =  6.43286E-02
