*** transform info ***
phi = 1.41685E+02
dx  = 2.15839E+00
dy  = -2.62660E+00
*** defect info ***
r  =  4.37638E-01
h  =  3.71865E-02
