*** transform info ***
phi = 1.17159E+02
dx  = -1.75120E+00
dy  = 1.47940E+00
*** defect info ***
r  =  5.56449E-01
h  =  1.50767E-01
