*** transform info ***
phi = 3.38408E+01
dx  = -6.14821E+00
dy  = -8.28186E-01
*** defect info ***
r  =  6.91532E-01
h  =  3.93848E-02
