*** transform info ***
phi = 1.57770E+02
dx  = 5.76237E+00
dy  = -4.37185E+00
*** defect info ***
r  =  9.94960E-01
h  =  1.27238E-01
