*** transform info ***
phi = 6.22970E+01
dx  = 5.83066E-01
dy  = -1.33940E+00
*** defect info ***
r  =  9.26891E-01
h  =  9.01966E-02
