*** transform info ***
phi = 1.78059E+02
dx  = 3.54663E+00
dy  = -1.79461E+00
*** defect info ***
r  =  5.65431E-01
h  =  1.55383E-01
