*** transform info ***
phi = 8.58336E+01
dx  = -5.36399E+00
dy  = 3.36602E+00
*** defect info ***
r  =  9.78101E-01
h  =  5.38848E-02
