*** transform info ***
phi = 9.24260E+01
dx  = 4.68602E+00
dy  = 1.34989E+00
*** defect info ***
r  =  6.64754E-01
h  =  1.87406E-01
