*** transform info ***
phi = 1.74991E+02
dx  = 1.21312E+00
dy  = 2.78773E+00
*** defect info ***
r  =  6.51039E-01
h  =  9.30221E-02
