*** transform info ***
phi = 3.08864E+01
dx  = -1.37354E+00
dy  = -2.13214E+00
*** defect info ***
r  =  6.03097E-01
h  =  8.57027E-02
