*** transform info ***
phi = 2.65981E+01
dx  = 2.10218E+00
dy  = 8.18895E-01
*** defect info ***
r  =  4.99536E-01
h  =  1.23706E-01
