*** transform info ***
phi = 1.23819E+02
dx  = -3.06439E+00
dy  = 2.62708E+00
*** defect info ***
r  =  7.38771E-01
h  =  1.29680E-01
