*** transform info ***
phi = 2.08099E+01
dx  = 5.16933E+00
dy  = 2.13640E+00
*** defect info ***
r  =  5.37856E-01
h  =  1.46438E-01
