*** transform info ***
phi = 1.61648E+02
dx  = -4.31373E+00
dy  = 2.38161E+00
*** defect info ***
r  =  7.61409E-01
h  =  9.91029E-02
