*** transform info ***
phi = 3.63938E+01
dx  = 5.90667E+00
dy  = 8.41307E-01
*** defect info ***
r  =  9.57483E-01
h  =  1.00332E-01
