*** transform info ***
phi = 1.34893E+02
dx  = 6.07995E+00
dy  = -7.34411E-01
*** defect info ***
r  =  6.89975E-01
h  =  1.27663E-01
