*** transform info ***
phi = 1.44750E+02
dx  = 4.05403E+00
dy  = 6.08340E+00
*** defect info ***
r  =  9.77508E-01
h  =  1.48098E-01
