*** transform info ***
phi = 6.17290E+01
dx  = 3.55584E-01
dy  = -3.78178E-01
*** defect info ***
r  =  4.16721E-01
h  =  1.61725E-01
