*** transform info ***
phi = 3.13173E+01
dx  = -1.97765E+00
dy  = 4.42736E-01
*** defect info ***
r  =  1.06538E+00
h  =  1.61477E-01
