*** transform info ***
phi = 1.76487E+02
dx  = -2.08177E+00
dy  = -2.06485E+00
*** defect info ***
r  =  4.74549E-01
h  =  1.30950E-01
