*** transform info ***
phi = 1.30701E+02
dx  = -2.59057E+00
dy  = -6.29002E-02
*** defect info ***
r  =  4.63536E-01
h  =  1.29989E-01
