*** transform info ***
phi = 6.28673E+01
dx  = 6.06622E+00
dy  = 5.10022E+00
*** defect info ***
r  =  6.30957E-01
h  =  3.94849E-02
