*** transform info ***
phi = 1.07439E+02
dx  = -7.40205E-02
dy  = 1.43920E+00
*** defect info ***
r  =  6.79564E-01
h  =  1.88730E-01
