*** transform info ***
phi = 1.65496E+02
dx  = 6.33034E+00
dy  = 1.64124E+00
*** defect info ***
r  =  7.71569E-01
h  =  1.66935E-01
