*** transform info ***
phi = 4.36703E+01
dx  = -5.20103E+00
dy  = 2.66377E+00
*** defect info ***
r  =  6.58226E-01
h  =  8.13277E-02
