*** transform info ***
phi = 4.22153E+01
dx  = -6.58498E+00
dy  = 4.00103E-01
*** defect info ***
r  =  4.01692E-01
h  =  4.28375E-02
