*** transform info ***
phi = 3.12385E+01
dx  = 3.51064E+00
dy  = -1.63688E+00
*** defect info ***
r  =  6.50844E-01
h  =  1.75545E-01
