*** transform info ***
phi = 5.79756E+01
dx  = 6.62059E+00
dy  = -2.93649E+00
*** defect info ***
r  =  1.22732E-01
h  =  2.64903E-02
