*** transform info ***
phi = 1.54406E+02
dx  = -1.41384E+00
dy  = 4.33989E-01
*** defect info ***
r  =  6.83060E-01
h  =  5.47719E-02
