*** transform info ***
phi = 1.73242E+02
dx  = 7.62282E+00
dy  = 6.38625E-01
*** defect info ***
r  =  9.78971E-01
h  =  1.72253E-01
