*** transform info ***
phi = 1.54467E+02
dx  = 1.30339E+00
dy  = 5.35094E+00
*** defect info ***
r  =  1.01303E+00
h  =  1.73823E-01
