*** transform info ***
phi = 5.89217E+01
dx  = -3.68457E+00
dy  = -2.56121E+00
*** defect info ***
r  =  8.95245E-01
h  =  1.70797E-01
