*** transform info ***
phi = 1.64150E+02
dx  = 7.02084E+00
dy  = -1.14856E+00
*** defect info ***
r  =  8.89770E-01
h  =  1.89417E-01
