*** transform info ***
phi = 4.55917E+01
dx  = 6.70067E-01
dy  = -5.24546E+00
*** defect info ***
r  =  6.82230E-01
h  =  1.38901E-01
