*** transform info ***
phi = 7.01651E+01
dx  = -1.30870E+00
dy  = -7.04187E-02
*** defect info ***
r  =  5.93711E-01
h  =  5.04184E-02
