*** transform info ***
phi = 6.27280E+01
dx  = 3.05742E+00
dy  = -3.18105E+00
*** defect info ***
r  =  9.51048E-01
h  =  8.12568E-02
