*** transform info ***
phi = 1.05598E+02
dx  = 5.60879E+00
dy  = -2.53468E+00
*** defect info ***
r  =  4.54363E-01
h  =  9.21293E-02
