*** transform info ***
phi = 3.77365E+01
dx  = 4.55211E+00
dy  = 8.31936E-01
*** defect info ***
r  =  9.89224E-01
h  =  1.65526E-01
