*** transform info ***
phi = 4.54729E+01
dx  = -4.60968E+00
dy  = 3.67523E+00
*** defect info ***
r  =  4.71228E-01
h  =  1.68051E-01
