*** transform info ***
phi = 1.51525E+02
dx  = 6.99816E-01
dy  = -2.63458E+00
*** defect info ***
r  =  1.11643E+00
h  =  1.10268E-01
