*** transform info ***
phi = 1.22588E+02
dx  = 3.39442E+00
dy  = -8.07579E-01
*** defect info ***
r  =  1.13564E+00
h  =  1.30591E-01
