*** transform info ***
phi = 8.10556E+01
dx  = 1.56479E+00
dy  = 2.14855E+00
*** defect info ***
r  =  4.07880E-01
h  =  1.28931E-01
