*** transform info ***
phi = 3.56768E+01
dx  = 7.56456E-01
dy  = -1.10999E+00
*** defect info ***
r  =  5.94484E-01
h  =  5.05175E-02
