*** transform info ***
phi = 5.09064E+01
dx  = -4.55976E+00
dy  = -3.92140E-01
*** defect info ***
r  =  3.32559E-01
h  =  9.77281E-02
