*** transform info ***
phi = 2.65820E-01
dx  = -2.25816E-01
dy  = -3.17080E+00
*** defect info ***
r  =  1.18913E-01
h  =  2.37177E-02
