*** transform info ***
phi = 7.65329E+01
dx  = 5.60253E+00
dy  = 5.02442E+00
*** defect info ***
r  =  1.03676E+00
h  =  1.40950E-01
