*** transform info ***
phi = 6.54646E+01
dx  = -1.35162E+00
dy  = -3.42071E+00
*** defect info ***
r  =  1.18212E+00
h  =  1.49312E-01
