*** transform info ***
phi = 3.48719E+01
dx  = 5.45656E+00
dy  = -1.91374E+00
*** defect info ***
r  =  5.24033E-01
h  =  1.82607E-01
