*** transform info ***
phi = 9.85499E+01
dx  = 5.17297E-01
dy  = 2.24219E-01
*** defect info ***
r  =  6.18937E-01
h  =  6.27320E-02
