*** transform info ***
phi = 3.12413E+01
dx  = 7.21135E+00
dy  = -5.48902E-01
*** defect info ***
r  =  6.82546E-01
h  =  8.43638E-02
