*** transform info ***
phi = 8.58011E+01
dx  = -4.83628E+00
dy  = -6.12646E-01
*** defect info ***
r  =  9.58289E-01
h  =  1.87241E-01
