*** transform info ***
phi = 3.30967E+00
dx  = 6.78439E-01
dy  = 2.17629E+00
*** defect info ***
r  =  1.16827E+00
h  =  6.08132E-02
