*** transform info ***
phi = 1.46775E+02
dx  = -5.69371E+00
dy  = -1.63403E+00
*** defect info ***
r  =  4.35536E-01
h  =  1.66795E-01
