*** transform info ***
phi = 1.20253E+02
dx  = -4.90071E+00
dy  = -1.89912E+00
*** defect info ***
r  =  4.27537E-01
h  =  1.83895E-01
