*** transform info ***
phi = 1.49047E+02
dx  = -2.28524E+00
dy  = 6.16600E+00
*** defect info ***
r  =  1.18600E+00
h  =  1.95602E-01
