*** transform info ***
phi = 1.22345E+02
dx  = 1.33719E+00
dy  = 3.41690E+00
*** defect info ***
r  =  1.03552E-01
h  =  2.60775E-02
