*** transform info ***
phi = 1.27006E+02
dx  = 3.75966E+00
dy  = 1.00732E+00
*** defect info ***
r  =  5.93993E-01
h  =  1.32300E-01
