*** transform info ***
phi = 1.56813E+02
dx  = -6.27493E+00
dy  = 5.99554E-01
*** defect info ***
r  =  7.58895E-01
h  =  1.58130E-01
