*** transform info ***
phi = 1.43006E+02
dx  = 1.98766E+00
dy  = 2.22633E+00
*** defect info ***
r  =  4.32715E-01
h  =  1.70556E-01
