*** transform info ***
phi = 8.19382E+01
dx  = 7.18863E+00
dy  = 4.74347E+00
*** defect info ***
r  =  1.12380E+00
h  =  7.06388E-02
