*** transform info ***
phi = 3.12247E+00
dx  = -6.56065E+00
dy  = -1.56058E+00
*** defect info ***
r  =  7.41559E-01
h  =  1.17807E-01
