*** transform info ***
phi = 8.47053E+01
dx  = 1.45990E+00
dy  = -2.15299E+00
*** defect info ***
r  =  1.19402E-01
h  =  9.34816E-02
