*** transform info ***
phi = 1.17771E+02
dx  = -1.83372E+00
dy  = 1.85111E-01
*** defect info ***
r  =  7.71040E-01
h  =  5.93588E-02
