*** transform info ***
phi = 1.62857E+02
dx  = -5.49009E+00
dy  = 3.59736E+00
*** defect info ***
r  =  5.08971E-01
h  =  1.78719E-01
