*** transform info ***
phi = 1.00645E+02
dx  = 4.39869E+00
dy  = -6.87736E-01
*** defect info ***
r  =  8.20920E-01
h  =  1.36897E-01
