*** transform info ***
phi = 1.59036E+00
dx  = -7.42421E+00
dy  = 1.61091E+00
*** defect info ***
r  =  4.73107E-01
h  =  1.69746E-01
