*** transform info ***
phi = 1.72029E+02
dx  = -2.99405E-01
dy  = -4.18270E+00
*** defect info ***
r  =  4.11373E-01
h  =  8.81577E-02
