*** transform info ***
phi = 5.19506E+01
dx  = -1.77943E+00
dy  = -6.80640E+00
*** defect info ***
r  =  6.14950E-01
h  =  6.92607E-02
