*** transform info ***
phi = 7.23729E+01
dx  = -7.24617E+00
dy  = -4.09155E+00
*** defect info ***
r  =  7.38125E-01
h  =  5.39342E-02
