*** transform info ***
phi = 1.59399E+02
dx  = 3.84575E-01
dy  = 2.01389E-01
*** defect info ***
r  =  4.27588E-01
h  =  7.16078E-02
