*** transform info ***
phi = 4.73883E+01
dx  = -1.71489E+00
dy  = 3.59723E+00
*** defect info ***
r  =  4.36943E-01
h  =  2.32378E-02
