*** transform info ***
phi = 1.26425E+02
dx  = -1.02847E+00
dy  = 1.78039E+00
*** defect info ***
r  =  4.98113E-01
h  =  3.96062E-02
