*** transform info ***
phi = 1.69917E+02
dx  = -6.89535E+00
dy  = 1.96718E+00
*** defect info ***
r  =  4.53421E-01
h  =  9.24527E-02
