*** transform info ***
phi = 1.61224E+02
dx  = -1.44735E+00
dy  = 4.49637E+00
*** defect info ***
r  =  5.45945E-01
h  =  1.56426E-01
