*** transform info ***
phi = 1.55338E+02
dx  = -4.40576E+00
dy  = -2.34998E+00
*** defect info ***
r  =  8.65549E-01
h  =  6.57143E-02
