*** transform info ***
phi = 1.53192E+02
dx  = -5.25048E-01
dy  = 4.42652E+00
*** defect info ***
r  =  5.12825E-01
h  =  1.43728E-01
