*** transform info ***
phi = 6.50481E+01
dx  = -4.02955E+00
dy  = 5.96261E+00
*** defect info ***
r  =  7.87215E-01
h  =  8.57763E-02
