*** transform info ***
phi = 1.02063E+02
dx  = -4.40262E+00
dy  = 2.33688E+00
*** defect info ***
r  =  6.72228E-01
h  =  5.50756E-02
