*** transform info ***
phi = 1.12185E+02
dx  = -9.61207E-01
dy  = -3.26249E+00
*** defect info ***
r  =  1.64853E-01
h  =  6.53464E-02
