*** transform info ***
phi = 1.15725E+01
dx  = 3.00976E+00
dy  = 1.19520E+00
*** defect info ***
r  =  4.21380E-01
h  =  6.90996E-02
