*** transform info ***
phi = 6.15285E+01
dx  = 3.82762E+00
dy  = 5.77758E+00
*** defect info ***
r  =  1.17152E+00
h  =  5.75013E-02
