*** transform info ***
phi = 1.00954E+02
dx  = -2.33536E+00
dy  = 3.66053E+00
*** defect info ***
r  =  5.30867E-01
h  =  4.07644E-02
