*** transform info ***
phi = 3.92907E+01
dx  = 1.29826E+00
dy  = 9.79129E-01
*** defect info ***
r  =  8.74358E-01
h  =  1.33229E-01
