*** transform info ***
phi = 2.26620E+01
dx  = 3.46316E+00
dy  = -3.47639E-01
*** defect info ***
r  =  2.94241E-01
h  =  5.57772E-02
