*** transform info ***
phi = 1.68179E-01
dx  = 2.95403E+00
dy  = -2.00469E-01
*** defect info ***
r  =  6.74424E-01
h  =  9.92577E-02
