*** transform info ***
phi = 1.15323E+02
dx  = -1.27806E+00
dy  = 3.15442E+00
*** defect info ***
r  =  7.03050E-01
h  =  5.77652E-02
