*** transform info ***
phi = 5.17039E+01
dx  = -2.48181E+00
dy  = 7.15135E+00
*** defect info ***
r  =  4.78433E-01
h  =  2.03265E-02
