*** transform info ***
phi = 7.32476E+01
dx  = 6.15031E+00
dy  = -3.64140E+00
*** defect info ***
r  =  7.42639E-01
h  =  8.33117E-02
