*** transform info ***
phi = 1.60864E+02
dx  = 2.65479E+00
dy  = 3.64596E+00
*** defect info ***
r  =  6.25419E-01
h  =  4.29714E-02
