*** transform info ***
phi = 1.50739E+02
dx  = 4.29847E+00
dy  = 5.26445E+00
*** defect info ***
r  =  5.10452E-01
h  =  5.14068E-02
