*** transform info ***
phi = 2.79980E+01
dx  = -3.03501E-01
dy  = 2.73541E+00
*** defect info ***
r  =  3.52346E-01
h  =  9.74830E-02
