*** transform info ***
phi = 9.10219E+01
dx  = 1.38607E+00
dy  = -2.84318E+00
*** defect info ***
r  =  2.08908E-01
h  =  4.70629E-02
