*** transform info ***
phi = 7.56863E+01
dx  = 6.82312E+00
dy  = 2.45971E-01
*** defect info ***
r  =  5.53744E-01
h  =  2.25744E-02
