*** transform info ***
phi = 1.52905E+02
dx  = 7.24053E+00
dy  = -1.61235E+00
*** defect info ***
r  =  2.16341E-01
h  =  5.12256E-02
