*** transform info ***
phi = 1.40674E+02
dx  = -1.42328E+00
dy  = 1.18024E+00
*** defect info ***
r  =  6.58199E-01
h  =  4.78182E-02
