*** transform info ***
phi = 1.57000E+02
dx  = 5.02508E+00
dy  = 9.59499E-01
*** defect info ***
r  =  2.19316E-01
h  =  5.45433E-02
