*** transform info ***
phi = 1.67724E+02
dx  = 3.15804E+00
dy  = -4.21003E+00
*** defect info ***
r  =  3.36487E-01
h  =  3.55108E-02
