*** transform info ***
phi = 1.70305E+02
dx  = -5.58682E+00
dy  = -4.32956E+00
*** defect info ***
r  =  3.16375E-01
h  =  2.05471E-02
