*** transform info ***
phi = 4.75436E+01
dx  = -1.43543E-01
dy  = 5.04682E+00
*** defect info ***
r  =  3.78981E-01
h  =  8.43635E-02
