*** transform info ***
phi = 1.42652E+02
dx  = -5.45688E+00
dy  = 2.03995E+00
*** defect info ***
r  =  3.19612E-01
h  =  9.93580E-02
