*** transform info ***
phi = 8.01664E+01
dx  = -5.89881E+00
dy  = 5.05827E+00
*** defect info ***
r  =  5.63604E-01
h  =  3.83161E-02
