*** transform info ***
phi = 1.69985E+02
dx  = 2.49185E+00
dy  = 3.00753E+00
*** defect info ***
r  =  4.09732E-01
h  =  4.44846E-02
