*** transform info ***
phi = 2.66153E+01
dx  = 1.54236E+00
dy  = 6.45755E-01
*** defect info ***
r  =  7.28278E-01
h  =  4.57934E-02
