*** transform info ***
phi = 5.95989E+01
dx  = -2.21550E+00
dy  = 1.08173E+00
*** defect info ***
r  =  6.45379E-01
h  =  7.56577E-02
