*** transform info ***
phi = 6.88004E+01
dx  = 1.79911E+00
dy  = 1.84310E+00
*** defect info ***
r  =  1.63140E-01
h  =  6.79441E-02
