*** transform info ***
phi = 1.79981E+02
dx  = 4.06738E+00
dy  = 4.97068E+00
*** defect info ***
r  =  4.95411E-01
h  =  3.93528E-02
