*** transform info ***
phi = 3.58509E+01
dx  = 6.35819E+00
dy  = -4.86938E-01
*** defect info ***
r  =  6.51336E-01
h  =  4.25126E-02
