*** transform info ***
phi = 1.47154E+02
dx  = -4.55393E+00
dy  = 3.39366E+00
*** defect info ***
r  =  1.25679E-01
h  =  3.31751E-02
