*** transform info ***
phi = 8.58237E+01
dx  = -3.71773E+00
dy  = 1.55193E-01
*** defect info ***
r  =  3.86292E-01
h  =  3.72549E-02
