*** transform info ***
phi = 1.06308E+02
dx  = -3.20053E+00
dy  = 2.45310E+00
*** defect info ***
r  =  2.83712E-01
h  =  7.23281E-02
