*** transform info ***
phi = 2.22781E+01
dx  = -5.84960E+00
dy  = -3.04918E-01
*** defect info ***
r  =  5.94322E-01
h  =  6.36639E-02
