*** transform info ***
phi = 1.28814E+02
dx  = 6.54885E+00
dy  = 1.24759E+00
*** defect info ***
r  =  6.34510E-01
h  =  3.60138E-02
