*** transform info ***
phi = 3.87569E+01
dx  = -8.86054E-01
dy  = -4.25224E-01
*** defect info ***
r  =  2.39007E-01
h  =  7.97881E-02
