*** transform info ***
phi = 1.30051E+01
dx  = 4.69782E+00
dy  = 7.28675E-01
*** defect info ***
r  =  6.14415E-01
h  =  7.12246E-02
