*** transform info ***
phi = 9.88735E+01
dx  = -3.91796E+00
dy  = -2.33976E+00
*** defect info ***
r  =  4.11680E-01
h  =  7.38281E-02
