*** transform info ***
phi = 1.67221E+02
dx  = 6.48823E+00
dy  = 3.69532E+00
*** defect info ***
r  =  7.93617E-01
h  =  3.96074E-02
