*** transform info ***
phi = 1.45648E+02
dx  = 1.03049E+00
dy  = -3.03904E+00
*** defect info ***
r  =  6.13618E-01
h  =  2.00189E-02
