*** transform info ***
phi = 4.03143E+00
dx  = -3.64760E+00
dy  = 2.38697E+00
*** defect info ***
r  =  6.84942E-01
h  =  2.87176E-02
