*** transform info ***
phi = 1.18510E+02
dx  = 6.45282E+00
dy  = 7.86715E-01
*** defect info ***
r  =  4.56206E-01
h  =  3.83171E-02
