*** transform info ***
phi = 1.52090E+02
dx  = 6.24839E+00
dy  = 6.12161E+00
*** defect info ***
r  =  6.22303E-01
h  =  5.02062E-02
