*** transform info ***
phi = 1.47976E+02
dx  = -1.48526E+00
dy  = 3.36927E+00
*** defect info ***
r  =  6.68618E-01
h  =  4.12774E-02
