*** transform info ***
phi = 2.50738E+01
dx  = 9.99706E-01
dy  = 4.01320E+00
*** defect info ***
r  =  1.10697E-01
h  =  5.76147E-02
