*** transform info ***
phi = 1.66215E+02
dx  = 7.54181E-02
dy  = 2.89719E+00
*** defect info ***
r  =  7.46522E-01
h  =  3.59152E-02
