*** transform info ***
phi = 5.81244E+00
dx  = -5.92666E-01
dy  = -3.73213E+00
*** defect info ***
r  =  7.93447E-01
h  =  9.79723E-02
