*** transform info ***
phi = 6.46710E+01
dx  = 1.41949E+00
dy  = -4.51393E+00
*** defect info ***
r  =  4.69325E-01
h  =  7.29366E-02
