*** transform info ***
phi = 4.22411E+01
dx  = -4.31580E+00
dy  = -3.43992E+00
*** defect info ***
r  =  4.08923E-01
h  =  3.26455E-02
