*** transform info ***
phi = 9.46767E+01
dx  = 3.20622E+00
dy  = -3.58315E+00
*** defect info ***
r  =  5.70344E-01
h  =  9.75498E-02
