*** transform info ***
phi = 4.13853E+01
dx  = -1.00318E+00
dy  = 2.64177E+00
*** defect info ***
r  =  6.50208E-01
h  =  8.71941E-02
