*** transform info ***
phi = 8.91229E+01
dx  = 1.18711E+00
dy  = 5.19751E-01
*** defect info ***
r  =  1.23330E-01
h  =  7.44254E-02
