*** transform info ***
phi = 6.07184E+01
dx  = 4.33872E+00
dy  = -1.57935E+00
*** defect info ***
r  =  1.80151E-01
h  =  7.11315E-02
