*** transform info ***
phi = 1.39924E+02
dx  = -4.18244E+00
dy  = -4.15959E+00
*** defect info ***
r  =  2.92315E-01
h  =  7.97219E-02
