*** transform info ***
phi = 1.68436E+02
dx  = -3.50847E+00
dy  = 4.39375E+00
*** defect info ***
r  =  2.55228E-01
h  =  3.98958E-02
