*** transform info ***
phi = 6.64240E+01
dx  = 7.81962E+00
dy  = -3.41365E+00
*** defect info ***
r  =  7.18421E-01
h  =  8.09115E-02
