*** transform info ***
phi = 5.55608E+01
dx  = -6.82918E+00
dy  = 2.77935E+00
*** defect info ***
r  =  5.85411E-01
h  =  2.55962E-02
