*** transform info ***
phi = 4.13924E+01
dx  = 3.16884E+00
dy  = -1.63451E+00
*** defect info ***
r  =  3.90571E-01
h  =  5.93743E-02
