*** transform info ***
phi = 7.42142E+01
dx  = -6.26569E+00
dy  = 4.62563E+00
*** defect info ***
r  =  6.98135E-01
h  =  8.93507E-02
