*** transform info ***
phi = 1.73593E+02
dx  = 5.72448E+00
dy  = 8.81489E-01
*** defect info ***
r  =  6.27827E-01
h  =  7.43123E-02
