*** transform info ***
phi = 6.13994E+01
dx  = -4.27331E+00
dy  = 4.58228E+00
*** defect info ***
r  =  7.64379E-01
h  =  8.56881E-02
