*** transform info ***
phi = 1.29252E+02
dx  = -3.57081E+00
dy  = 3.44005E+00
*** defect info ***
r  =  7.60970E-01
h  =  8.80285E-02
