*** transform info ***
phi = 1.11396E+02
dx  = -5.18200E+00
dy  = -2.49034E+00
*** defect info ***
r  =  7.76640E-01
h  =  4.98873E-02
