*** transform info ***
phi = 8.35637E+01
dx  = -2.04644E+00
dy  = 2.80644E+00
*** defect info ***
r  =  6.08140E-01
h  =  8.65067E-02
