*** transform info ***
phi = 1.20753E+02
dx  = 2.28658E+00
dy  = 7.54681E-01
*** defect info ***
r  =  6.61057E-01
h  =  8.64896E-02
