*** transform info ***
phi = 1.74907E+02
dx  = 5.13193E+00
dy  = -1.89418E+00
*** defect info ***
r  =  3.52459E-01
h  =  4.25517E-02
