*** transform info ***
phi = 1.48471E+02
dx  = -7.97290E+00
dy  = 4.65337E-01
*** defect info ***
r  =  1.75450E-01
h  =  8.03317E-02
