*** transform info ***
phi = 1.32832E+02
dx  = 1.38122E+00
dy  = -5.14831E+00
*** defect info ***
r  =  3.35047E-01
h  =  2.11549E-02
