*** transform info ***
phi = 8.84588E+01
dx  = 9.27417E-01
dy  = 3.98760E+00
*** defect info ***
r  =  3.35798E-01
h  =  3.60298E-02
