*** transform info ***
phi = 6.35937E+01
dx  = 3.16739E+00
dy  = 5.14093E+00
*** defect info ***
r  =  3.56944E-01
h  =  9.66149E-02
