*** transform info ***
phi = 1.73931E+02
dx  = 5.02349E+00
dy  = 2.98307E+00
*** defect info ***
r  =  4.60252E-01
h  =  5.90098E-02
