*** transform info ***
phi = 1.60584E+02
dx  = 6.51982E+00
dy  = 1.69300E-01
*** defect info ***
r  =  2.65255E-01
h  =  9.10542E-02
