*** transform info ***
phi = 3.94918E+01
dx  = -1.74717E+00
dy  = -2.41098E+00
*** defect info ***
r  =  7.24996E-01
h  =  2.54971E-02
