*** transform info ***
phi = 1.06873E+02
dx  = -2.34110E-01
dy  = -2.40842E+00
*** defect info ***
r  =  6.85002E-01
h  =  8.91001E-02
