*** transform info ***
phi = 2.18663E+01
dx  = -1.93061E-01
dy  = 8.39549E-01
*** defect info ***
r  =  1.98836E-01
h  =  4.98824E-02
