*** transform info ***
phi = 4.10418E+01
dx  = 3.75983E+00
dy  = 7.64077E-01
*** defect info ***
r  =  4.12131E-01
h  =  9.39031E-02
