*** transform info ***
phi = 3.27058E+01
dx  = 1.66863E-01
dy  = 3.53108E+00
*** defect info ***
r  =  5.07827E-01
h  =  6.55454E-02
