*** transform info ***
phi = 1.52246E+02
dx  = -5.78479E+00
dy  = 7.17353E+00
*** defect info ***
r  =  5.70286E-01
h  =  7.41018E-02
