*** transform info ***
phi = 1.58682E+02
dx  = -7.74061E+00
dy  = -6.61728E+00
*** defect info ***
r  =  3.72449E-01
h  =  2.46106E-02
