*** transform info ***
phi = 8.43977E+01
dx  = 5.87811E-01
dy  = -2.57218E+00
*** defect info ***
r  =  3.90637E-01
h  =  7.95390E-02
