*** transform info ***
phi = 7.11857E+01
dx  = -1.42194E+00
dy  = 5.22197E-01
*** defect info ***
r  =  6.40394E-01
h  =  8.55894E-02
