*** transform info ***
phi = 1.32097E+02
dx  = 2.97529E+00
dy  = -3.35494E+00
*** defect info ***
r  =  1.04973E-01
h  =  6.93275E-02
