*** transform info ***
phi = 7.02880E+01
dx  = -7.85368E+00
dy  = 6.47177E+00
*** defect info ***
r  =  6.62503E-01
h  =  2.69470E-02
