*** transform info ***
phi = 1.29377E+02
dx  = 3.42498E-01
dy  = -1.14567E+00
*** defect info ***
r  =  3.64565E-01
h  =  8.67082E-02
