*** transform info ***
phi = 1.11579E+02
dx  = -1.29253E-01
dy  = -2.28036E+00
*** defect info ***
r  =  4.45089E-01
h  =  8.50104E-02
