*** transform info ***
phi = 8.27722E+01
dx  = 4.31268E+00
dy  = -1.87036E-01
*** defect info ***
r  =  7.36131E-01
h  =  8.10764E-02
