*** transform info ***
phi = 1.71899E+02
dx  = -6.13120E+00
dy  = -3.78836E-01
*** defect info ***
r  =  4.10906E-01
h  =  9.26431E-02
