*** transform info ***
phi = 8.24579E+01
dx  = -2.59849E+00
dy  = -3.34800E+00
*** defect info ***
r  =  7.99553E-01
h  =  6.78515E-02
