*** transform info ***
phi = 1.79758E+02
dx  = 1.04616E+00
dy  = 4.81177E+00
*** defect info ***
r  =  1.05687E-01
h  =  7.30517E-02
