*** transform info ***
phi = 6.91651E+01
dx  = 9.24601E-01
dy  = -1.83475E-01
*** defect info ***
r  =  2.26707E-01
h  =  2.11566E-02
