*** transform info ***
phi = 1.48520E+02
dx  = -2.60422E+00
dy  = -5.76204E+00
*** defect info ***
r  =  4.71777E-01
h  =  3.53723E-02
