*** transform info ***
phi = 1.68545E+02
dx  = -1.31955E+00
dy  = 3.62934E+00
*** defect info ***
r  =  1.19611E-01
h  =  8.78200E-02
