*** transform info ***
phi = 1.56926E+02
dx  = -2.12117E+00
dy  = -1.32986E+00
*** defect info ***
r  =  6.89926E-01
h  =  2.93680E-02
