*** transform info ***
phi = 5.79325E+01
dx  = 2.03932E+00
dy  = 6.08560E+00
*** defect info ***
r  =  7.27341E-01
h  =  8.09171E-02
