*** transform info ***
phi = 5.22656E+01
dx  = -2.47210E+00
dy  = -7.04544E+00
*** defect info ***
r  =  2.17520E-01
h  =  5.82096E-02
