*** transform info ***
phi = 1.89247E+01
dx  = -3.07033E+00
dy  = -2.12461E+00
*** defect info ***
r  =  7.57459E-01
h  =  6.32295E-02
