*** transform info ***
phi = 6.49202E+01
dx  = 8.90579E-02
dy  = 3.07213E+00
*** defect info ***
r  =  5.64455E-01
h  =  2.54083E-02
