*** transform info ***
phi = 1.65868E+02
dx  = 6.13802E+00
dy  = -5.85715E+00
*** defect info ***
r  =  7.86424E-01
h  =  2.11699E-02
