*** transform info ***
phi = 7.95122E+01
dx  = -5.05246E+00
dy  = -3.06425E+00
*** defect info ***
r  =  1.85373E-01
h  =  6.84057E-02
