*** transform info ***
phi = 1.38851E+02
dx  = 1.36106E+00
dy  = -4.34818E+00
*** defect info ***
r  =  6.16453E-01
h  =  3.92186E-02
