*** transform info ***
phi = 1.02685E+02
dx  = 1.75338E-01
dy  = 4.21649E+00
*** defect info ***
r  =  6.98100E-01
h  =  2.98990E-02
