*** transform info ***
phi = 1.76324E+02
dx  = -7.44953E+00
dy  = -1.23258E+00
*** defect info ***
r  =  2.90598E-01
h  =  7.90465E-02
