*** transform info ***
phi = 5.32995E+01
dx  = 1.79487E+00
dy  = 3.81013E+00
*** defect info ***
r  =  1.74501E-01
h  =  6.50948E-02
