*** transform info ***
phi = 1.70740E+02
dx  = -2.12615E+00
dy  = 1.85129E+00
*** defect info ***
r  =  4.94842E-01
h  =  9.64524E-02
