*** transform info ***
phi = 1.29958E+02
dx  = -6.02974E+00
dy  = -1.42778E+00
*** defect info ***
r  =  5.43324E-01
h  =  2.33854E-02
