*** transform info ***
phi = 8.61885E+01
dx  = -1.01315E+00
dy  = -2.59129E+00
*** defect info ***
r  =  1.23484E-01
h  =  7.94684E-02
