*** transform info ***
phi = 1.68624E+02
dx  = 9.16310E-01
dy  = -2.70601E+00
*** defect info ***
r  =  4.42428E-01
h  =  4.77609E-02
