*** transform info ***
phi = 1.46725E+02
dx  = 3.13371E+00
dy  = -3.93930E+00
*** defect info ***
r  =  5.74655E-01
h  =  4.28527E-02
