*** transform info ***
phi = 1.68045E+02
dx  = -1.20100E+00
dy  = -3.90486E+00
*** defect info ***
r  =  3.57161E-01
h  =  4.48217E-02
