*** transform info ***
phi = 9.09330E+01
dx  = -7.12953E+00
dy  = 4.15034E+00
*** defect info ***
r  =  2.74765E-01
h  =  7.77139E-02
