*** transform info ***
phi = 5.24826E+01
dx  = -1.17165E+00
dy  = 4.02305E+00
*** defect info ***
r  =  2.70947E-01
h  =  9.46794E-02
