*** transform info ***
phi = 6.28885E+00
dx  = 4.83964E+00
dy  = -1.90740E+00
*** defect info ***
r  =  2.43205E-01
h  =  5.10186E-02
