*** transform info ***
phi = 9.05311E+01
dx  = 1.74009E+00
dy  = -1.76195E+00
*** defect info ***
r  =  3.86870E-01
h  =  7.64126E-02
