*** transform info ***
phi = 1.24224E+02
dx  = 3.44618E-01
dy  = -1.70581E+00
*** defect info ***
r  =  4.22179E-01
h  =  6.15520E-02
