*** transform info ***
phi = 8.81841E+01
dx  = 1.28842E+00
dy  = -2.73093E+00
*** defect info ***
r  =  4.73218E-01
h  =  3.85837E-02
