*** transform info ***
phi = 1.54593E+02
dx  = -1.40124E+00
dy  = 5.17358E+00
*** defect info ***
r  =  4.83724E-01
h  =  6.18529E-02
