*** transform info ***
phi = 1.19114E+02
dx  = 2.38585E+00
dy  = 3.77048E+00
*** defect info ***
r  =  1.04472E-01
h  =  7.56077E-02
