*** transform info ***
phi = 3.70329E+01
dx  = 2.54610E+00
dy  = -3.54374E+00
*** defect info ***
r  =  4.79182E-01
h  =  2.05420E-02
