*** transform info ***
phi = 4.16462E+01
dx  = -3.14876E+00
dy  = 1.65139E+00
*** defect info ***
r  =  3.49470E-01
h  =  5.65221E-02
