*** transform info ***
phi = 1.28771E+02
dx  = 6.74367E-02
dy  = -4.99237E+00
*** defect info ***
r  =  3.42636E-01
h  =  8.97747E-02
