*** transform info ***
phi = 4.31569E+01
dx  = 4.12259E+00
dy  = 3.38964E+00
*** defect info ***
r  =  1.03745E-01
h  =  2.15260E-02
