*** transform info ***
phi = 6.87890E+01
dx  = -4.94992E+00
dy  = 1.37926E+00
*** defect info ***
r  =  4.51460E-01
h  =  5.63983E-02
