*** transform info ***
phi = 6.00290E+01
dx  = 3.16270E-01
dy  = -2.80970E+00
*** defect info ***
r  =  1.92601E-01
h  =  6.60006E-02
