*** transform info ***
phi = 1.14283E+02
dx  = 1.16765E+00
dy  = -1.72808E+00
*** defect info ***
r  =  5.62608E-01
h  =  9.65469E-02
