*** transform info ***
phi = 1.25149E+02
dx  = -4.53442E+00
dy  = 2.63595E+00
*** defect info ***
r  =  3.68941E-01
h  =  8.92045E-02
