*** transform info ***
phi = 5.09622E+01
dx  = -6.71898E+00
dy  = -1.31199E+00
*** defect info ***
r  =  6.48396E-01
h  =  5.56937E-02
