*** transform info ***
phi = 1.58487E+02
dx  = -7.82061E+00
dy  = 2.95354E+00
*** defect info ***
r  =  3.03988E-01
h  =  7.53241E-02
