*** transform info ***
phi = 1.56103E+02
dx  = 2.93071E+00
dy  = 3.10140E+00
*** defect info ***
r  =  6.35309E-01
h  =  8.12135E-02
