*** transform info ***
phi = 2.36248E+01
dx  = -1.38944E+00
dy  = 1.33789E+00
*** defect info ***
r  =  1.87204E-01
h  =  5.71069E-02
