*** transform info ***
phi = 9.84011E+00
dx  = -2.08880E+00
dy  = 4.29248E-01
*** defect info ***
r  =  5.81501E-01
h  =  3.36447E-02
