*** transform info ***
phi = 7.27489E+01
dx  = 5.44631E+00
dy  = 3.38724E+00
*** defect info ***
r  =  3.40171E-01
h  =  9.01537E-02
