*** transform info ***
phi = 8.44967E+01
dx  = 5.99118E+00
dy  = -4.72865E+00
*** defect info ***
r  =  3.05680E-01
h  =  2.31337E-02
