*** transform info ***
phi = 1.63271E+01
dx  = -6.25784E+00
dy  = -1.27810E+00
*** defect info ***
r  =  1.25508E-01
h  =  4.53812E-02
