*** transform info ***
phi = 6.58393E+01
dx  = 1.17263E+00
dy  = -1.55918E+00
*** defect info ***
r  =  7.79320E-01
h  =  3.05772E-02
