*** transform info ***
phi = 1.45460E+02
dx  = -7.48906E+00
dy  = 2.43885E-01
*** defect info ***
r  =  3.65156E-01
h  =  2.42865E-02
