*** transform info ***
phi = 4.30970E+01
dx  = -3.22087E+00
dy  = -1.98532E+00
*** defect info ***
r  =  7.94952E-01
h  =  8.68341E-02
