*** transform info ***
phi = 7.35210E+01
dx  = 7.14321E+00
dy  = 4.26687E+00
*** defect info ***
r  =  4.66864E-01
h  =  6.94779E-02
