*** transform info ***
phi = 9.65469E+01
dx  = -2.34482E+00
dy  = -1.85199E+00
*** defect info ***
r  =  6.26954E-01
h  =  9.39823E-02
