*** transform info ***
phi = 1.17058E+01
dx  = -2.15933E+00
dy  = 3.28680E-01
*** defect info ***
r  =  4.02008E-01
h  =  7.43648E-02
