*** transform info ***
phi = 1.71736E+02
dx  = 2.97045E+00
dy  = -1.67418E+00
*** defect info ***
r  =  3.98866E-01
h  =  5.09549E-02
