*** transform info ***
phi = 1.76233E+02
dx  = 2.92335E+00
dy  = 4.45869E+00
*** defect info ***
r  =  6.49771E-01
h  =  6.65713E-02
