*** transform info ***
phi = 1.46650E+02
dx  = -7.66863E+00
dy  = -5.98046E-01
*** defect info ***
r  =  2.30811E-01
h  =  2.37084E-02
