*** transform info ***
phi = 2.72862E+01
dx  = 4.72938E+00
dy  = -3.84088E-01
*** defect info ***
r  =  3.50251E-01
h  =  4.29176E-02
