*** transform info ***
phi = 1.51939E+02
dx  = -7.10524E-01
dy  = -1.22133E+00
*** defect info ***
r  =  5.95046E-01
h  =  3.82937E-02
