*** transform info ***
phi = 1.62944E+02
dx  = 7.85552E+00
dy  = -1.59833E+00
*** defect info ***
r  =  3.32897E-01
h  =  4.09657E-02
