*** transform info ***
phi = 8.50725E+01
dx  = 3.36771E+00
dy  = 4.01942E+00
*** defect info ***
r  =  5.10569E-01
h  =  5.89820E-02
