*** transform info ***
phi = 1.01108E+02
dx  = -6.41483E+00
dy  = 2.99060E+00
*** defect info ***
r  =  3.86012E-01
h  =  6.68915E-02
