*** transform info ***
phi = 2.95430E+00
dx  = -1.31132E+00
dy  = 2.04892E+00
*** defect info ***
r  =  7.53643E-01
h  =  6.22342E-02
