*** transform info ***
phi = 8.01393E+01
dx  = -2.76813E+00
dy  = 8.51168E-01
*** defect info ***
r  =  3.89822E-01
h  =  5.26540E-02
