*** transform info ***
phi = 6.25792E+01
dx  = -2.52513E+00
dy  = 9.31828E-02
*** defect info ***
r  =  3.45492E-01
h  =  4.72588E-02
