*** transform info ***
phi = 4.44291E+01
dx  = 6.06621E-01
dy  = -4.27414E+00
*** defect info ***
r  =  4.25668E-01
h  =  5.43463E-02
