*** transform info ***
phi = 7.82912E+01
dx  = -2.79541E+00
dy  = 1.76048E+00
*** defect info ***
r  =  7.43058E-01
h  =  4.19188E-02
