*** transform info ***
phi = 1.15806E+02
dx  = 1.33612E+00
dy  = 2.74743E+00
*** defect info ***
r  =  7.14225E-01
h  =  9.16926E-02
