*** transform info ***
phi = 1.54985E+02
dx  = -1.52532E+00
dy  = 3.37939E+00
*** defect info ***
r  =  4.98226E-01
h  =  4.69104E-02
