*** transform info ***
phi = 5.70551E+01
dx  = 1.67316E+00
dy  = -9.23404E-01
*** defect info ***
r  =  7.71766E-01
h  =  4.75550E-02
