*** transform info ***
phi = 7.50818E+01
dx  = 6.78826E+00
dy  = -1.13828E+00
*** defect info ***
r  =  7.13583E-01
h  =  8.75219E-02
