*** transform info ***
phi = 8.15511E+01
dx  = 3.11207E+00
dy  = 3.25403E+00
*** defect info ***
r  =  5.51104E-01
h  =  8.77781E-02
