*** transform info ***
phi = 8.21479E+01
dx  = -7.34980E+00
dy  = 3.41130E+00
*** defect info ***
r  =  3.16495E-01
h  =  6.39845E-02
