*** transform info ***
phi = 2.19695E+01
dx  = 7.87955E-01
dy  = 1.24320E+00
*** defect info ***
r  =  5.63261E-01
h  =  7.03662E-02
