*** transform info ***
phi = 1.52688E+02
dx  = 3.57222E+00
dy  = -2.31428E+00
*** defect info ***
r  =  4.85333E-01
h  =  9.78492E-02
