*** transform info ***
phi = 1.58305E+02
dx  = 4.08705E+00
dy  = 1.36674E+00
*** defect info ***
r  =  5.04380E-01
h  =  2.62505E-02
