*** transform info ***
phi = 1.64819E+02
dx  = 5.04830E+00
dy  = 4.97316E+00
*** defect info ***
r  =  5.06570E-01
h  =  2.17849E-02
