*** transform info ***
phi = 5.40554E+01
dx  = -2.50953E+00
dy  = 4.78027E+00
*** defect info ***
r  =  6.81265E-01
h  =  9.59284E-02
