*** transform info ***
phi = 4.94525E+01
dx  = -5.95058E-01
dy  = 5.28912E+00
*** defect info ***
r  =  4.58307E-01
h  =  3.38204E-02
