*** transform info ***
phi = 1.07639E+02
dx  = -2.07887E+00
dy  = -1.22042E+00
*** defect info ***
r  =  2.22243E-01
h  =  6.00593E-02
