*** transform info ***
phi = 5.63055E+01
dx  = -1.56801E+00
dy  = -7.49534E-01
*** defect info ***
r  =  3.61628E-01
h  =  8.85491E-02
