*** transform info ***
phi = 7.33865E+01
dx  = -6.54438E+00
dy  = 6.16155E-01
*** defect info ***
r  =  7.64080E-01
h  =  7.31756E-02
