*** transform info ***
phi = 4.60795E+01
dx  = -1.45661E-01
dy  = -4.77069E+00
*** defect info ***
r  =  1.55660E-01
h  =  9.38290E-02
