*** transform info ***
phi = 7.71677E+01
dx  = 1.23986E+00
dy  = 3.37771E+00
*** defect info ***
r  =  5.70353E-01
h  =  7.03704E-02
