*** transform info ***
phi = 1.79735E+02
dx  = -6.36105E+00
dy  = -8.08520E-01
*** defect info ***
r  =  4.82046E-01
h  =  4.12457E-02
