*** transform info ***
phi = 1.07410E+02
dx  = 4.63073E+00
dy  = 2.54027E+00
*** defect info ***
r  =  1.97192E-01
h  =  5.25367E-02
