*** transform info ***
phi = 5.20651E+01
dx  = -3.67695E+00
dy  = -6.16861E-01
*** defect info ***
r  =  4.72823E-01
h  =  4.40784E-02
