*** transform info ***
phi = 1.65666E+02
dx  = 1.24280E+00
dy  = -4.24782E+00
*** defect info ***
r  =  2.54900E-01
h  =  9.33773E-02
