*** transform info ***
phi = 1.02461E+02
dx  = 7.17172E+00
dy  = -2.33860E+00
*** defect info ***
r  =  2.75190E-01
h  =  8.98822E-02
