*** transform info ***
phi = 1.17609E+02
dx  = 3.62983E+00
dy  = 2.96393E+00
*** defect info ***
r  =  7.35430E-01
h  =  8.32603E-02
