*** transform info ***
phi = 1.68666E+02
dx  = 5.04423E-01
dy  = 4.29180E+00
*** defect info ***
r  =  5.98365E-01
h  =  9.64369E-02
