*** transform info ***
phi = 1.68588E+02
dx  = 3.75107E+00
dy  = -4.85133E-01
*** defect info ***
r  =  3.92681E-01
h  =  3.40735E-02
