*** transform info ***
phi = 1.07448E+01
dx  = -1.81307E+00
dy  = -1.57878E+00
*** defect info ***
r  =  3.12755E-01
h  =  8.70577E-02
