*** transform info ***
phi = 1.53888E+02
dx  = -6.05891E+00
dy  = -2.78479E+00
*** defect info ***
r  =  2.14953E-01
h  =  8.24512E-02
