*** transform info ***
phi = 4.79286E+01
dx  = 1.86044E-01
dy  = -8.38860E-01
*** defect info ***
r  =  6.87833E-01
h  =  2.08133E-02
