*** transform info ***
phi = 3.93949E+01
dx  = -3.82771E+00
dy  = -2.74849E+00
*** defect info ***
r  =  5.14754E-01
h  =  9.79445E-02
