*** transform info ***
phi = 2.57519E+01
dx  = 7.68876E+00
dy  = -1.02803E+00
*** defect info ***
r  =  5.57456E-01
h  =  6.29779E-02
