*** transform info ***
phi = 8.52695E+01
dx  = -5.70103E+00
dy  = -8.77762E-01
*** defect info ***
r  =  3.44581E-01
h  =  3.43048E-02
