*** transform info ***
phi = 1.59490E+02
dx  = 4.61001E+00
dy  = 2.30851E+00
*** defect info ***
r  =  7.56042E-01
h  =  8.51523E-02
