*** transform info ***
phi = 1.59717E+02
dx  = 6.82212E+00
dy  = 7.30398E-01
*** defect info ***
r  =  5.35882E-01
h  =  7.29670E-02
