*** transform info ***
phi = 1.05275E+02
dx  = 3.38353E+00
dy  = 4.19604E-01
*** defect info ***
r  =  2.55011E-01
h  =  6.56034E-02
