*** transform info ***
phi = 8.97824E+00
dx  = 4.80488E+00
dy  = 2.87455E+00
*** defect info ***
r  =  7.41828E-01
h  =  9.72869E-02
