*** transform info ***
phi = 1.71414E+02
dx  = 4.21491E+00
dy  = 1.90464E+00
*** defect info ***
r  =  2.43441E-01
h  =  6.67460E-02
