*** transform info ***
phi = 1.24142E+02
dx  = 1.19480E+00
dy  = -1.00384E+00
*** defect info ***
r  =  5.16196E-01
h  =  4.78231E-02
