*** transform info ***
phi = 5.01793E+01
dx  = 2.89253E+00
dy  = -5.35735E+00
*** defect info ***
r  =  1.93765E-01
h  =  4.67257E-02
