*** transform info ***
phi = 2.65969E+01
dx  = 1.35232E+00
dy  = -3.28141E-01
*** defect info ***
r  =  7.02850E-01
h  =  4.36819E-02
