*** transform info ***
phi = 5.90537E+01
dx  = -3.73417E+00
dy  = -7.50244E+00
*** defect info ***
r  =  7.17076E-01
h  =  6.40396E-02
