*** transform info ***
phi = 1.22432E+02
dx  = 1.48095E-01
dy  = 6.48160E-02
*** defect info ***
r  =  3.34823E-01
h  =  4.31749E-02
