*** transform info ***
phi = 1.71644E+02
dx  = -7.06544E+00
dy  = -3.12696E+00
*** defect info ***
r  =  6.44335E-01
h  =  4.43349E-02
