*** transform info ***
phi = 7.15264E+01
dx  = -6.27785E+00
dy  = 4.46032E+00
*** defect info ***
r  =  6.88686E-01
h  =  8.18012E-02
