*** transform info ***
phi = 1.58922E+02
dx  = -6.47775E+00
dy  = 6.64448E+00
*** defect info ***
r  =  4.45553E-01
h  =  8.93747E-02
