*** transform info ***
phi = 1.31063E+02
dx  = -4.25017E+00
dy  = 3.43344E+00
*** defect info ***
r  =  6.23981E-01
h  =  2.44547E-02
