*** transform info ***
phi = 1.37745E+02
dx  = -2.05385E+00
dy  = -3.97022E+00
*** defect info ***
r  =  4.56425E-01
h  =  3.34888E-02
