*** transform info ***
phi = 1.66651E+02
dx  = -6.90089E+00
dy  = 5.55704E+00
*** defect info ***
r  =  5.85609E-01
h  =  9.65600E-02
