*** transform info ***
phi = 5.50866E+00
dx  = -1.63512E+00
dy  = 3.06701E+00
*** defect info ***
r  =  4.02830E-01
h  =  5.01062E-02
