*** transform info ***
phi = 1.55032E+02
dx  = -5.66467E+00
dy  = 7.31715E-01
*** defect info ***
r  =  6.89237E-01
h  =  9.48453E-02
