*** transform info ***
phi = 1.06164E+02
dx  = 1.75106E+00
dy  = 2.60843E+00
*** defect info ***
r  =  3.42889E-01
h  =  8.18373E-02
