*** transform info ***
phi = 5.04886E+01
dx  = 1.63280E+00
dy  = -4.15539E+00
*** defect info ***
r  =  6.59002E-01
h  =  5.36960E-02
