*** transform info ***
phi = 1.54802E+02
dx  = -4.79175E+00
dy  = 6.49556E+00
*** defect info ***
r  =  3.37192E-01
h  =  9.58370E-02
