*** transform info ***
phi = 1.64816E+00
dx  = 6.78157E+00
dy  = 2.39058E+00
*** defect info ***
r  =  2.54074E-01
h  =  2.14250E-02
