*** transform info ***
phi = 2.89792E+01
dx  = -1.07426E-01
dy  = 1.76928E+00
*** defect info ***
r  =  4.98135E-01
h  =  7.27385E-02
