*** transform info ***
phi = 2.62807E+01
dx  = 1.92655E+00
dy  = -2.02897E+00
*** defect info ***
r  =  5.90005E-01
h  =  4.62721E-02
