*** transform info ***
phi = 9.51920E+01
dx  = 4.03321E+00
dy  = -3.47033E+00
*** defect info ***
r  =  7.08085E-01
h  =  4.85794E-02
