*** transform info ***
phi = 5.90385E+01
dx  = 6.02291E+00
dy  = 5.08798E+00
*** defect info ***
r  =  4.33867E-01
h  =  3.15620E-02
