*** transform info ***
phi = 1.39055E+02
dx  = -2.24800E+00
dy  = -9.65605E-01
*** defect info ***
r  =  3.96266E-01
h  =  2.88882E-02
