*** transform info ***
phi = 1.87156E+01
dx  = -3.71689E+00
dy  = -1.72238E+00
*** defect info ***
r  =  3.89264E-01
h  =  5.02407E-02
