*** transform info ***
phi = 1.00952E+02
dx  = 5.70091E+00
dy  = 8.58209E-01
*** defect info ***
r  =  6.24723E-01
h  =  3.51772E-02
