*** transform info ***
phi = 6.89693E+01
dx  = -1.31101E+00
dy  = -1.55730E+00
*** defect info ***
r  =  3.77456E-01
h  =  7.94145E-02
