*** transform info ***
phi = 1.60867E+02
dx  = -4.47330E+00
dy  = 4.59994E+00
*** defect info ***
r  =  6.83223E-01
h  =  8.95660E-02
