*** transform info ***
phi = 6.51729E+01
dx  = -3.28419E+00
dy  = 6.16263E+00
*** defect info ***
r  =  3.99887E-01
h  =  3.15034E-02
