*** transform info ***
phi = 1.54443E+02
dx  = 7.51711E+00
dy  = -7.30853E-01
*** defect info ***
r  =  3.18461E-01
h  =  6.62548E-02
