*** transform info ***
phi = 1.30229E+02
dx  = -1.81394E+00
dy  = -2.17248E+00
*** defect info ***
r  =  1.19154E-01
h  =  3.92507E-02
