*** transform info ***
phi = 1.70812E+02
dx  = -2.09732E+00
dy  = 2.74252E-01
*** defect info ***
r  =  4.78521E-01
h  =  9.38202E-02
