*** transform info ***
phi = 3.76447E+01
dx  = -8.13019E-01
dy  = 3.62279E+00
*** defect info ***
r  =  2.99373E-01
h  =  6.22330E-02
