*** transform info ***
phi = 8.72472E+01
dx  = -3.70504E+00
dy  = 2.77692E+00
*** defect info ***
r  =  7.84798E-01
h  =  6.51110E-02
