*** transform info ***
phi = 6.19042E+01
dx  = -1.47057E+00
dy  = -5.68660E+00
*** defect info ***
r  =  5.21111E-01
h  =  2.98955E-02
