*** transform info ***
phi = 1.50513E+02
dx  = -6.28931E+00
dy  = 5.44791E+00
*** defect info ***
r  =  6.84258E-01
h  =  5.51865E-02
