*** transform info ***
phi = 4.19545E+01
dx  = -5.28811E+00
dy  = 2.04337E+00
*** defect info ***
r  =  5.44471E-01
h  =  6.29466E-02
