*** transform info ***
phi = 7.23577E+01
dx  = 2.93938E+00
dy  = 3.10915E+00
*** defect info ***
r  =  6.45904E-01
h  =  3.45044E-02
