*** transform info ***
phi = 5.63073E+01
dx  = -1.96052E+00
dy  = 4.10226E-01
*** defect info ***
r  =  5.61260E-01
h  =  4.94806E-02
