*** transform info ***
phi = 8.40811E+01
dx  = 1.85159E+00
dy  = -5.81307E-01
*** defect info ***
r  =  4.66466E-01
h  =  4.62208E-02
