*** transform info ***
phi = 1.35644E+02
dx  = 4.78390E+00
dy  = -2.76060E+00
*** defect info ***
r  =  7.74688E-01
h  =  7.59283E-02
