*** transform info ***
phi = 8.42275E+01
dx  = -5.91324E+00
dy  = 2.98393E+00
*** defect info ***
r  =  1.10546E-01
h  =  2.47357E-02
