*** transform info ***
phi = 9.98464E+01
dx  = -3.67499E+00
dy  = -1.32001E+00
*** defect info ***
r  =  2.62234E-01
h  =  3.96749E-02
