*** transform info ***
phi = 1.42285E+02
dx  = 1.68022E+00
dy  = 4.20958E+00
*** defect info ***
r  =  6.08370E-01
h  =  2.44955E-02
