*** transform info ***
phi = 7.35532E+01
dx  = -4.07723E+00
dy  = -5.39662E+00
*** defect info ***
r  =  1.13324E-01
h  =  9.95542E-02
