*** transform info ***
phi = 6.87771E+01
dx  = 1.88415E+00
dy  = 1.01616E+00
*** defect info ***
r  =  1.43828E-01
h  =  8.27588E-02
