*** transform info ***
phi = 6.32130E+01
dx  = -6.06640E+00
dy  = 7.18909E+00
*** defect info ***
r  =  4.33339E-01
h  =  2.62332E-02
