*** transform info ***
phi = 1.23093E+02
dx  = -2.51156E+00
dy  = 6.67749E-01
*** defect info ***
r  =  3.69358E-01
h  =  9.31941E-02
