*** transform info ***
phi = 1.41078E+02
dx  = -7.51667E-02
dy  = -9.68794E-02
*** defect info ***
r  =  1.33109E-01
h  =  4.98726E-02
