*** transform info ***
phi = 5.74952E+01
dx  = -6.04031E+00
dy  = -1.01161E+00
*** defect info ***
r  =  2.41485E-01
h  =  3.22664E-02
