*** transform info ***
phi = 8.58383E+01
dx  = 7.30349E+00
dy  = 3.40686E+00
*** defect info ***
r  =  2.11673E-01
h  =  8.49053E-02
