*** transform info ***
phi = 1.75217E+02
dx  = -5.34544E+00
dy  = 4.99881E+00
*** defect info ***
r  =  6.64633E-01
h  =  5.71315E-02
