*** transform info ***
phi = 1.49520E+02
dx  = -5.27586E+00
dy  = 4.70534E+00
*** defect info ***
r  =  2.17466E-01
h  =  8.94445E-02
