*** transform info ***
phi = 1.38960E+02
dx  = 4.89860E+00
dy  = 7.89781E-01
*** defect info ***
r  =  2.76055E-01
h  =  8.91873E-02
