*** transform info ***
phi = 1.10775E+02
dx  = -4.98111E-02
dy  = -9.54466E-01
*** defect info ***
r  =  6.40410E-01
h  =  5.96179E-02
