*** transform info ***
phi = 6.28226E+01
dx  = -5.26164E+00
dy  = -1.93990E+00
*** defect info ***
r  =  5.98222E-01
h  =  8.08935E-02
