*** transform info ***
phi = 7.34133E+01
dx  = 2.00304E+00
dy  = 4.59145E+00
*** defect info ***
r  =  5.89793E-01
h  =  9.98242E-02
