*** transform info ***
phi = 1.78550E+02
dx  = 9.90020E-01
dy  = -2.83373E-02
*** defect info ***
r  =  2.60613E-01
h  =  9.87014E-02
