*** transform info ***
phi = 4.98459E+01
dx  = -2.00521E+00
dy  = 5.12528E+00
*** defect info ***
r  =  4.82574E-01
h  =  3.69568E-02
