*** transform info ***
phi = 1.55945E+02
dx  = 5.40749E+00
dy  = 5.01752E+00
*** defect info ***
r  =  1.92849E-01
h  =  2.84159E-02
