*** transform info ***
phi = 6.23032E+01
dx  = -6.85513E+00
dy  = 4.51231E+00
*** defect info ***
r  =  7.77992E-01
h  =  8.87177E-02
