*** transform info ***
phi = 6.03027E+01
dx  = -6.50694E+00
dy  = -4.46217E+00
*** defect info ***
r  =  5.53935E-01
h  =  9.48458E-02
