*** transform info ***
phi = 1.31676E+02
dx  = -3.04195E+00
dy  = 2.06140E+00
*** defect info ***
r  =  6.90920E-01
h  =  8.88575E-02
