*** transform info ***
phi = 3.21419E+01
dx  = -4.84067E+00
dy  = 1.14841E+00
*** defect info ***
r  =  7.92979E-01
h  =  7.99483E-02
