*** transform info ***
phi = 3.98357E+01
dx  = -4.98301E+00
dy  = 1.64782E+00
*** defect info ***
r  =  4.71517E-01
h  =  3.50955E-02
