*** transform info ***
phi = 1.19461E+02
dx  = 7.08247E+00
dy  = -8.45478E-01
*** defect info ***
r  =  3.84807E-01
h  =  3.89428E-02
