*** transform info ***
phi = 6.78080E+01
dx  = -5.21877E+00
dy  = -4.70212E+00
*** defect info ***
r  =  5.40082E-01
h  =  6.19397E-02
