*** transform info ***
phi = 1.20350E+02
dx  = 3.21929E+00
dy  = 1.00181E+00
*** defect info ***
r  =  7.81392E-01
h  =  8.43335E-02
