*** transform info ***
phi = 4.68973E+00
dx  = 3.24251E+00
dy  = 1.48260E+00
*** defect info ***
r  =  7.96206E-01
h  =  8.92063E-02
