*** transform info ***
phi = 6.52578E+01
dx  = -1.74610E+00
dy  = -6.90773E-01
*** defect info ***
r  =  7.50204E-01
h  =  7.03668E-02
