*** transform info ***
phi = 1.05279E+00
dx  = 2.90893E+00
dy  = -7.27115E-01
*** defect info ***
r  =  1.54067E-01
h  =  7.13767E-02
