*** transform info ***
phi = 5.70100E+01
dx  = 6.28703E+00
dy  = 3.51936E+00
*** defect info ***
r  =  3.15829E-01
h  =  3.89133E-02
