*** transform info ***
phi = 1.87628E+00
dx  = 2.56295E+00
dy  = 4.31209E+00
*** defect info ***
r  =  4.26803E-01
h  =  6.31841E-02
