*** transform info ***
phi = 1.68141E+02
dx  = -5.05071E+00
dy  = -4.87436E+00
*** defect info ***
r  =  4.62413E-01
h  =  4.84473E-02
