*** transform info ***
phi = 1.17252E+02
dx  = 2.27652E+00
dy  = -2.86678E+00
*** defect info ***
r  =  6.69448E-01
h  =  6.48211E-02
