*** transform info ***
phi = 1.28792E+02
dx  = -7.98094E-01
dy  = -4.89054E+00
*** defect info ***
r  =  7.58670E-01
h  =  9.90199E-02
