*** transform info ***
phi = 9.77357E+01
dx  = -2.31037E+00
dy  = 3.37391E-01
*** defect info ***
r  =  1.45612E-01
h  =  8.68715E-02
