*** transform info ***
phi = 1.24954E+01
dx  = 2.04495E+00
dy  = -2.28254E-01
*** defect info ***
r  =  4.53476E-01
h  =  5.79832E-02
