*** transform info ***
phi = 7.68920E+01
dx  = -7.38329E+00
dy  = -2.78957E+00
*** defect info ***
r  =  3.13992E-01
h  =  6.94000E-02
