*** transform info ***
phi = 1.13589E+02
dx  = 1.33572E+00
dy  = -1.42356E+00
*** defect info ***
r  =  6.25101E-01
h  =  4.17014E-02
