*** transform info ***
phi = 1.91214E+01
dx  = 1.08692E+00
dy  = 4.01677E+00
*** defect info ***
r  =  1.43607E-01
h  =  2.44659E-02
