*** transform info ***
phi = 7.26951E+01
dx  = 2.54256E+00
dy  = -2.67575E+00
*** defect info ***
r  =  2.29355E-01
h  =  7.70329E-02
