*** transform info ***
phi = 5.65894E+01
dx  = -4.52910E+00
dy  = -3.00380E+00
*** defect info ***
r  =  5.66664E-01
h  =  8.42628E-02
