*** transform info ***
phi = 3.64156E+01
dx  = -2.99640E+00
dy  = 1.25142E+00
*** defect info ***
r  =  4.76470E-01
h  =  3.02024E-02
