*** transform info ***
phi = 1.63983E+02
dx  = 6.35605E+00
dy  = -4.61457E+00
*** defect info ***
r  =  7.80270E-01
h  =  7.01846E-02
