*** transform info ***
phi = 7.40654E+01
dx  = -5.65707E+00
dy  = -1.55278E+00
*** defect info ***
r  =  4.44208E-01
h  =  4.34377E-02
