*** transform info ***
phi = 1.78404E+02
dx  = -6.54285E+00
dy  = -4.99450E+00
*** defect info ***
r  =  1.47886E-01
h  =  6.92642E-02
