*** transform info ***
phi = 1.16553E+02
dx  = 1.75504E+00
dy  = -3.17471E+00
*** defect info ***
r  =  3.09375E-01
h  =  2.14069E-02
