*** transform info ***
phi = 3.71407E+01
dx  = -8.11528E-01
dy  = 1.46077E+00
*** defect info ***
r  =  3.96379E-01
h  =  2.92958E-02
