*** transform info ***
phi = 5.89031E+01
dx  = -6.48583E+00
dy  = -3.80780E-01
*** defect info ***
r  =  4.13064E-01
h  =  5.23757E-02
