*** transform info ***
phi = 1.39078E+02
dx  = -3.25677E+00
dy  = -5.56633E+00
*** defect info ***
r  =  4.19900E-01
h  =  7.52748E-02
