*** transform info ***
phi = 1.40245E+02
dx  = -8.83723E-03
dy  = -1.27797E+00
*** defect info ***
r  =  6.42784E-01
h  =  5.52122E-02
