*** transform info ***
phi = 9.89035E+01
dx  = -1.78629E+00
dy  = 4.01053E+00
*** defect info ***
r  =  2.82538E-01
h  =  7.48976E-02
