*** transform info ***
phi = 1.39596E+02
dx  = 3.77392E+00
dy  = -4.18364E+00
*** defect info ***
r  =  1.44481E-01
h  =  3.08217E-02
