*** transform info ***
phi = 9.36512E+00
dx  = 6.73390E+00
dy  = 3.03460E+00
*** defect info ***
r  =  7.62610E-01
h  =  3.08346E-02
