*** transform info ***
phi = 3.37155E+01
dx  = 2.75169E+00
dy  = 1.85315E+00
*** defect info ***
r  =  4.33396E-01
h  =  6.37189E-02
