*** transform info ***
phi = 7.59714E+01
dx  = -4.08385E+00
dy  = -2.47884E+00
*** defect info ***
r  =  2.39130E-01
h  =  4.04198E-02
