*** transform info ***
phi = 1.67652E+02
dx  = 7.70530E-01
dy  = -2.89676E+00
*** defect info ***
r  =  4.19360E-01
h  =  3.61794E-02
