*** transform info ***
phi = 1.40443E+02
dx  = 2.17321E+00
dy  = 7.71027E+00
*** defect info ***
r  =  1.86014E-01
h  =  2.61492E-02
