*** transform info ***
phi = 9.84033E+01
dx  = -6.70381E+00
dy  = 2.49474E+00
*** defect info ***
r  =  3.75155E-01
h  =  3.23496E-02
