*** transform info ***
phi = 1.05376E+02
dx  = -4.60782E+00
dy  = 2.81030E+00
*** defect info ***
r  =  3.64658E-01
h  =  5.32239E-02
