*** transform info ***
phi = 1.18406E+02
dx  = 6.19748E+00
dy  = -1.42410E-01
*** defect info ***
r  =  4.93785E-01
h  =  8.28956E-02
