*** transform info ***
phi = 8.45681E+01
dx  = -6.46053E+00
dy  = 2.08728E+00
*** defect info ***
r  =  7.12479E-01
h  =  4.09299E-02
