*** transform info ***
phi = 4.95221E+01
dx  = 5.11109E+00
dy  = 2.49772E+00
*** defect info ***
r  =  1.78010E-01
h  =  8.31655E-02
