*** transform info ***
phi = 7.49420E+00
dx  = -5.00334E-01
dy  = -7.33287E-01
*** defect info ***
r  =  3.76584E-01
h  =  3.69020E-02
