*** transform info ***
phi = 3.97792E+01
dx  = 3.26067E+00
dy  = -3.13207E+00
*** defect info ***
r  =  1.03240E-01
h  =  7.44012E-02
