*** transform info ***
phi = 7.39343E+01
dx  = -1.60044E+00
dy  = -2.60469E+00
*** defect info ***
r  =  5.93784E-01
h  =  9.12265E-02
