*** transform info ***
phi = 9.06322E+01
dx  = 9.29619E-01
dy  = 4.76423E+00
*** defect info ***
r  =  5.62430E-01
h  =  7.11513E-02
