*** transform info ***
phi = 7.50677E+01
dx  = -3.18310E+00
dy  = -2.50131E+00
*** defect info ***
r  =  1.35068E-01
h  =  9.61202E-02
