*** transform info ***
phi = 7.36879E+01
dx  = -7.92603E+00
dy  = -1.45952E+00
*** defect info ***
r  =  3.83474E-01
h  =  6.84077E-02
