*** transform info ***
phi = 1.57497E+02
dx  = -7.88927E+00
dy  = 4.51396E+00
*** defect info ***
r  =  5.83899E-01
h  =  9.43592E-02
