*** transform info ***
phi = 8.19176E+01
dx  = 2.49395E+00
dy  = 2.25480E+00
*** defect info ***
r  =  7.52706E-01
h  =  9.95629E-02
