*** transform info ***
phi = 2.79037E+00
dx  = -3.28601E+00
dy  = -3.19483E+00
*** defect info ***
r  =  6.94008E-01
h  =  3.22420E-02
