*** transform info ***
phi = 1.69039E+01
dx  = -3.19875E+00
dy  = -2.33183E+00
*** defect info ***
r  =  7.68793E-01
h  =  6.46618E-02
