*** transform info ***
phi = 1.76309E+02
dx  = 3.58799E+00
dy  = -1.84218E+00
*** defect info ***
r  =  2.86784E-01
h  =  7.56591E-02
