*** transform info ***
phi = 8.19078E+01
dx  = -5.09927E+00
dy  = 2.26611E+00
*** defect info ***
r  =  3.15948E-01
h  =  8.31988E-02
