*** transform info ***
phi = 2.97115E+01
dx  = 1.80748E+00
dy  = -1.02268E+00
*** defect info ***
r  =  6.52582E-01
h  =  7.65055E-02
