*** transform info ***
phi = 7.96306E+01
dx  = 7.81910E+00
dy  = -1.38622E+00
*** defect info ***
r  =  3.95588E-01
h  =  9.92125E-02
