*** transform info ***
phi = 1.63647E+02
dx  = 7.77237E+00
dy  = 1.50528E+00
*** defect info ***
r  =  3.92747E-01
h  =  9.46053E-02
