*** transform info ***
phi = 9.98395E+01
dx  = 2.87973E+00
dy  = -2.43248E+00
*** defect info ***
r  =  2.13899E-01
h  =  8.36626E-02
