*** transform info ***
phi = 1.27629E+02
dx  = -6.60403E-01
dy  = -2.85414E+00
*** defect info ***
r  =  6.46019E-01
h  =  7.89271E-02
