*** transform info ***
phi = 3.07829E+01
dx  = 3.83926E+00
dy  = -2.87271E+00
*** defect info ***
r  =  7.89756E-01
h  =  2.04657E-02
