*** transform info ***
phi = 1.44949E+02
dx  = 4.56405E-01
dy  = 5.21294E+00
*** defect info ***
r  =  3.36846E-01
h  =  7.63491E-02
