*** transform info ***
phi = 3.14350E+01
dx  = 8.97830E-01
dy  = -6.17936E-01
*** defect info ***
r  =  6.16498E-01
h  =  9.25262E-02
