*** transform info ***
phi = 6.94795E+00
dx  = 6.25349E+00
dy  = 5.56668E-01
*** defect info ***
r  =  7.27618E-01
h  =  3.97601E-02
