*** transform info ***
phi = 1.44064E+02
dx  = 3.63372E+00
dy  = 2.70438E+00
*** defect info ***
r  =  2.51347E-01
h  =  6.99712E-02
