*** transform info ***
phi = 6.49600E+01
dx  = -2.37694E+00
dy  = 2.38100E+00
*** defect info ***
r  =  6.71815E-01
h  =  3.29153E-02
