*** transform info ***
phi = 7.51020E+01
dx  = 6.87346E+00
dy  = 1.43382E+00
*** defect info ***
r  =  2.37897E-01
h  =  2.01738E-02
