*** transform info ***
phi = 9.67796E+00
dx  = -2.03779E+00
dy  = -1.27317E+00
*** defect info ***
r  =  2.63193E-01
h  =  7.07547E-02
