*** transform info ***
phi = 7.48491E+01
dx  = 4.84180E+00
dy  = -5.25233E+00
*** defect info ***
r  =  4.93537E-01
h  =  4.24135E-02
