*** transform info ***
phi = 7.09261E-01
dx  = -2.41898E+00
dy  = 2.89708E+00
*** defect info ***
r  =  1.76790E-01
h  =  8.67021E-02
