*** transform info ***
phi = 8.76299E+01
dx  = -3.62377E+00
dy  = -2.72975E+00
*** defect info ***
r  =  1.67128E-01
h  =  6.23164E-02
