*** transform info ***
phi = 1.15260E+02
dx  = 4.50855E+00
dy  = 1.62143E+00
*** defect info ***
r  =  2.75768E-01
h  =  6.40284E-02
