*** transform info ***
phi = 9.71893E+01
dx  = -6.07155E+00
dy  = -3.15197E+00
*** defect info ***
r  =  4.52639E-01
h  =  5.54115E-02
