*** transform info ***
phi = 8.98503E+01
dx  = -5.62204E-01
dy  = 2.35584E+00
*** defect info ***
r  =  5.84477E-01
h  =  4.76178E-02
