*** transform info ***
phi = 1.75848E+02
dx  = -7.24015E+00
dy  = 2.74182E-01
*** defect info ***
r  =  6.27475E-01
h  =  8.89116E-02
