*** transform info ***
phi = 3.27654E+01
dx  = 6.52267E+00
dy  = 2.78075E-01
*** defect info ***
r  =  5.12837E-01
h  =  7.89151E-02
