*** transform info ***
phi = 3.41723E+01
dx  = 2.06834E+00
dy  = 4.16574E-01
*** defect info ***
r  =  1.15791E-01
h  =  2.61165E-02
