*** transform info ***
phi = 1.70470E+02
dx  = -3.83225E+00
dy  = 4.23195E+00
*** defect info ***
r  =  2.26157E-01
h  =  8.46466E-02
