*** transform info ***
phi = 1.71036E+02
dx  = -4.26931E-01
dy  = 4.69554E-01
*** defect info ***
r  =  7.55882E-01
h  =  5.94381E-02
