*** transform info ***
phi = 7.24896E+01
dx  = 7.64877E+00
dy  = -5.69766E+00
*** defect info ***
r  =  2.80075E-01
h  =  2.34565E-02
