*** transform info ***
phi = 3.62138E+01
dx  = -3.62666E-02
dy  = 2.89653E+00
*** defect info ***
r  =  1.63478E-01
h  =  3.38670E-02
