*** transform info ***
phi = 2.25881E+01
dx  = -2.54611E+00
dy  = -1.91815E+00
*** defect info ***
r  =  2.38647E-01
h  =  6.53087E-02
