*** transform info ***
phi = 1.77571E+02
dx  = 5.99193E+00
dy  = -4.14135E+00
*** defect info ***
r  =  5.19928E-01
h  =  6.47847E-02
