*** transform info ***
phi = 1.14623E+02
dx  = 8.06909E-01
dy  = 2.51051E+00
*** defect info ***
r  =  6.13587E-01
h  =  5.33307E-02
