*** transform info ***
phi = 1.62136E+02
dx  = -6.37953E+00
dy  = -2.74033E+00
*** defect info ***
r  =  1.50100E-01
h  =  5.92867E-02
