*** transform info ***
phi = 2.67473E+01
dx  = 3.52014E+00
dy  = -2.75283E+00
*** defect info ***
r  =  4.28059E-01
h  =  2.03721E-02
