*** transform info ***
phi = 4.94404E+01
dx  = -7.89968E-01
dy  = 3.17240E+00
*** defect info ***
r  =  6.72937E-01
h  =  7.59082E-02
