*** transform info ***
phi = 1.45190E+02
dx  = -4.02629E+00
dy  = 6.13260E-01
*** defect info ***
r  =  4.76150E-01
h  =  4.16798E-02
