*** transform info ***
phi = 4.89014E+01
dx  = 1.26283E+00
dy  = -3.83397E-01
*** defect info ***
r  =  7.63797E-01
h  =  8.13244E-02
