*** transform info ***
phi = 7.99942E+01
dx  = -6.10735E+00
dy  = 1.34428E+00
*** defect info ***
r  =  6.81166E-01
h  =  5.74162E-02
