*** transform info ***
phi = 1.75713E+00
dx  = 8.26769E-01
dy  = 4.24605E+00
*** defect info ***
r  =  2.23380E-01
h  =  4.42917E-02
