*** transform info ***
phi = 1.67348E+02
dx  = -1.16763E+00
dy  = 2.60226E+00
*** defect info ***
r  =  7.83996E-01
h  =  5.20705E-02
