*** transform info ***
phi = 1.03150E+01
dx  = -2.24075E+00
dy  = -1.04035E+00
*** defect info ***
r  =  2.03081E-01
h  =  3.95959E-02
