*** transform info ***
phi = 1.58653E+02
dx  = -7.71757E+00
dy  = 6.82182E+00
*** defect info ***
r  =  1.75520E-01
h  =  3.93079E-02
