*** transform info ***
phi = 9.26240E+01
dx  = 5.86775E+00
dy  = -2.57176E+00
*** defect info ***
r  =  7.26490E-01
h  =  3.55271E-02
