*** transform info ***
phi = 1.31923E+01
dx  = 3.30462E+00
dy  = 1.83096E+00
*** defect info ***
r  =  5.94162E-01
h  =  4.05557E-02
