*** transform info ***
phi = 2.57166E+01
dx  = -4.57822E+00
dy  = -1.66367E+00
*** defect info ***
r  =  4.35204E-01
h  =  2.01931E-02
