*** transform info ***
phi = 1.37502E+02
dx  = 7.20748E-01
dy  = -6.13304E+00
*** defect info ***
r  =  3.12271E-01
h  =  9.53347E-02
