*** transform info ***
phi = 1.02217E+02
dx  = -1.36787E+00
dy  = 2.04610E+00
*** defect info ***
r  =  7.12022E-01
h  =  4.73738E-02
