*** transform info ***
phi = 4.15032E+01
dx  = 2.11182E+00
dy  = -3.77782E-01
*** defect info ***
r  =  7.80071E-01
h  =  8.28303E-02
