*** transform info ***
phi = 8.29066E+01
dx  = -2.41459E+00
dy  = 2.15584E+00
*** defect info ***
r  =  6.84101E-01
h  =  4.17793E-02
