*** transform info ***
phi = 9.84219E+01
dx  = -6.15113E+00
dy  = 2.37621E+00
*** defect info ***
r  =  6.34704E-01
h  =  3.54261E-02
