*** transform info ***
phi = 7.42849E+01
dx  = 6.97115E+00
dy  = -5.77213E+00
*** defect info ***
r  =  2.68453E-01
h  =  8.50550E-02
