*** transform info ***
phi = 5.08228E+01
dx  = 8.98462E-01
dy  = -3.03704E+00
*** defect info ***
r  =  4.22061E-01
h  =  9.23242E-02
