*** transform info ***
phi = 4.84436E+01
dx  = -2.29375E-02
dy  = 2.57121E+00
*** defect info ***
r  =  4.56436E-01
h  =  6.35073E-02
