*** transform info ***
phi = 1.79583E+02
dx  = 1.54564E+00
dy  = 1.82816E+00
*** defect info ***
r  =  5.02938E-01
h  =  2.53853E-02
