*** transform info ***
phi = 1.44015E+02
dx  = -3.49772E+00
dy  = 2.34471E+00
*** defect info ***
r  =  5.31559E-01
h  =  8.53957E-02
