*** transform info ***
phi = 1.61607E+02
dx  = 4.25157E+00
dy  = 3.23460E+00
*** defect info ***
r  =  4.39049E-01
h  =  4.19025E-02
