*** transform info ***
phi = 9.35297E+01
dx  = 5.24227E+00
dy  = -4.17263E+00
*** defect info ***
r  =  2.27400E-01
h  =  3.41895E-02
