*** transform info ***
phi = 1.52278E+02
dx  = -3.32528E+00
dy  = 1.83852E+00
*** defect info ***
r  =  7.17115E-01
h  =  6.09803E-02
