*** transform info ***
phi = 8.79358E+01
dx  = -4.43845E+00
dy  = -2.42098E+00
*** defect info ***
r  =  2.00770E-01
h  =  3.91841E-02
