*** transform info ***
phi = 1.21048E+02
dx  = 5.56899E+00
dy  = -2.95860E-01
*** defect info ***
r  =  2.36209E-01
h  =  9.22203E-02
