*** transform info ***
phi = 4.07473E+01
dx  = 7.22992E-01
dy  = -6.18820E+00
*** defect info ***
r  =  4.07357E-01
h  =  4.05820E-02
