*** transform info ***
phi = 1.43243E+02
dx  = -4.98925E+00
dy  = 1.92000E+00
*** defect info ***
r  =  7.15046E-01
h  =  5.52787E-02
