*** transform info ***
phi = 8.78479E+01
dx  = 6.48664E+00
dy  = -4.30788E+00
*** defect info ***
r  =  7.97492E-01
h  =  6.00448E-02
