*** transform info ***
phi = 1.23461E+02
dx  = 7.16470E+00
dy  = 3.69762E-01
*** defect info ***
r  =  5.00854E-01
h  =  3.02207E-02
