*** transform info ***
phi = 1.51915E+02
dx  = -3.31677E+00
dy  = -5.77823E+00
*** defect info ***
r  =  2.17115E-01
h  =  6.23558E-02
