*** transform info ***
phi = 5.20088E+01
dx  = -5.01508E+00
dy  = -1.21444E+00
*** defect info ***
r  =  2.69515E-01
h  =  5.30263E-02
