*** transform info ***
phi = 3.36793E+00
dx  = 1.01797E+00
dy  = -5.39634E-01
*** defect info ***
r  =  7.45254E-01
h  =  2.50863E-02
