*** transform info ***
phi = 3.65371E+01
dx  = 1.77460E+00
dy  = 4.50052E+00
*** defect info ***
r  =  3.44483E-01
h  =  8.79148E-02
