*** transform info ***
phi = 6.36805E+01
dx  = -6.51007E+00
dy  = -4.50357E+00
*** defect info ***
r  =  6.39284E-01
h  =  3.64611E-02
