*** transform info ***
phi = 4.15485E+01
dx  = -3.88913E-01
dy  = -2.28292E+00
*** defect info ***
r  =  5.62996E-01
h  =  6.35852E-02
