*** transform info ***
phi = 4.38043E+00
dx  = 1.34995E+00
dy  = 6.08129E-01
*** defect info ***
r  =  6.74877E-01
h  =  2.92919E-02
