*** transform info ***
phi = 8.23130E+01
dx  = 7.63473E+00
dy  = -1.94660E+00
*** defect info ***
r  =  5.57878E-01
h  =  3.19813E-02
