*** transform info ***
phi = 6.48244E+01
dx  = 2.86465E+00
dy  = 3.94375E+00
*** defect info ***
r  =  5.49473E-01
h  =  4.49641E-02
