*** transform info ***
phi = 9.32309E+01
dx  = 6.59130E+00
dy  = 4.37194E+00
*** defect info ***
r  =  4.10204E-01
h  =  8.65746E-02
