*** transform info ***
phi = 4.90313E+01
dx  = 3.29118E+00
dy  = 3.37020E+00
*** defect info ***
r  =  3.55783E-01
h  =  3.51660E-02
