*** transform info ***
phi = 1.42690E+01
dx  = -2.29847E+00
dy  = 1.43669E+00
*** defect info ***
r  =  3.07283E-01
h  =  6.56874E-02
