*** transform info ***
phi = 6.57694E+01
dx  = 3.39241E+00
dy  = 5.72882E+00
*** defect info ***
r  =  2.53874E-01
h  =  4.65774E-02
