*** transform info ***
phi = 6.35016E+01
dx  = -5.93146E+00
dy  = 7.00495E-01
*** defect info ***
r  =  4.36508E-01
h  =  9.73117E-02
