*** transform info ***
phi = 1.08965E+02
dx  = 5.21416E+00
dy  = -1.56981E+00
*** defect info ***
r  =  7.67561E-01
h  =  5.68607E-02
