*** transform info ***
phi = 1.54278E+02
dx  = 4.60788E+00
dy  = 1.40539E+00
*** defect info ***
r  =  5.48493E-01
h  =  2.49950E-02
