*** transform info ***
phi = 1.56268E+02
dx  = -3.20523E+00
dy  = 1.42931E+00
*** defect info ***
r  =  6.24750E-01
h  =  6.40319E-02
