*** transform info ***
phi = 1.69464E+02
dx  = -5.63051E+00
dy  = 3.72537E+00
*** defect info ***
r  =  1.56543E-01
h  =  9.92354E-02
