*** transform info ***
phi = 1.46371E+02
dx  = 6.81568E+00
dy  = -3.80958E-01
*** defect info ***
r  =  6.91607E-01
h  =  9.27757E-02
