*** transform info ***
phi = 1.42949E+02
dx  = 2.93430E-02
dy  = -3.38323E+00
*** defect info ***
r  =  2.40203E-01
h  =  4.31691E-02
