*** transform info ***
phi = 1.74995E+02
dx  = 2.68593E-02
dy  = 3.36578E+00
*** defect info ***
r  =  3.41187E-01
h  =  6.23246E-02
