*** transform info ***
phi = 1.53208E+00
dx  = 1.29917E-02
dy  = 1.30718E+00
*** defect info ***
r  =  6.99782E-01
h  =  6.81920E-02
