*** transform info ***
phi = 1.39223E+02
dx  = -2.13384E+00
dy  = 1.19163E+00
*** defect info ***
r  =  5.93146E-01
h  =  2.73551E-02
