*** transform info ***
phi = 6.64579E+01
dx  = -1.77167E+00
dy  = 1.64593E+00
*** defect info ***
r  =  6.26947E-01
h  =  3.70244E-02
