*** transform info ***
phi = 1.46389E+02
dx  = 5.70430E+00
dy  = 9.80314E-01
*** defect info ***
r  =  7.07691E-01
h  =  2.55416E-02
