*** transform info ***
phi = 2.60673E+00
dx  = -3.58568E+00
dy  = 2.42348E+00
*** defect info ***
r  =  6.27845E-01
h  =  8.44554E-02
