*** transform info ***
phi = 1.44975E+02
dx  = -5.36546E+00
dy  = -1.62735E+00
*** defect info ***
r  =  7.70420E-01
h  =  5.90738E-02
