*** transform info ***
phi = 1.53416E+02
dx  = 9.34786E-01
dy  = -1.81038E-02
*** defect info ***
r  =  5.82681E-01
h  =  9.45492E-02
