*** transform info ***
phi = 1.19316E+02
dx  = -2.93099E+00
dy  = -1.03519E+00
*** defect info ***
r  =  2.89728E-01
h  =  2.14693E-02
