*** transform info ***
phi = 6.58303E+01
dx  = 6.91183E+00
dy  = 1.04634E+00
*** defect info ***
r  =  3.66114E-01
h  =  3.09574E-02
