*** transform info ***
phi = 1.51657E+02
dx  = 3.81199E+00
dy  = 2.13746E+00
*** defect info ***
r  =  3.70377E-01
h  =  6.56708E-02
