*** transform info ***
phi = 1.63975E+02
dx  = -2.36649E+00
dy  = 3.06458E+00
*** defect info ***
r  =  3.88176E-01
h  =  6.08545E-02
