*** transform info ***
phi = 1.17039E+02
dx  = 1.58452E+00
dy  = -3.72371E+00
*** defect info ***
r  =  2.63801E-01
h  =  4.60138E-02
