*** transform info ***
phi = 1.39971E+02
dx  = -5.33815E+00
dy  = 2.19597E+00
*** defect info ***
r  =  7.82208E-01
h  =  8.69511E-02
