*** transform info ***
phi = 9.43162E+01
dx  = -1.90698E-01
dy  = 2.40101E+00
*** defect info ***
r  =  4.63967E-01
h  =  7.83713E-02
