*** transform info ***
phi = 1.45849E+02
dx  = -3.62394E+00
dy  = -1.52752E+00
*** defect info ***
r  =  3.50683E-01
h  =  4.03349E-02
