*** transform info ***
phi = 6.62083E+01
dx  = 1.91628E+00
dy  = -2.15530E+00
*** defect info ***
r  =  1.95967E-01
h  =  4.97949E-02
