*** transform info ***
phi = 7.10901E+01
dx  = 5.39054E+00
dy  = -5.80138E+00
*** defect info ***
r  =  1.83611E-01
h  =  9.37703E-02
