*** transform info ***
phi = 1.77926E+02
dx  = -1.26508E+00
dy  = 4.14721E+00
*** defect info ***
r  =  4.73533E-01
h  =  4.73457E-02
