*** transform info ***
phi = 1.58988E+02
dx  = -3.07127E+00
dy  = 5.35682E+00
*** defect info ***
r  =  1.30818E-01
h  =  6.54538E-02
