*** transform info ***
phi = 5.37468E+01
dx  = 1.49209E+00
dy  = 1.40084E+00
*** defect info ***
r  =  6.97312E-01
h  =  7.29603E-02
