*** transform info ***
phi = 7.98008E+01
dx  = -4.69591E+00
dy  = 3.94543E+00
*** defect info ***
r  =  4.81075E-01
h  =  5.30154E-02
