*** transform info ***
phi = 8.67562E+01
dx  = 5.51668E+00
dy  = 2.50802E+00
*** defect info ***
r  =  5.69230E-01
h  =  3.22692E-02
