*** transform info ***
phi = 1.69657E+02
dx  = -4.40728E+00
dy  = -2.22573E+00
*** defect info ***
r  =  7.24531E-01
h  =  5.56244E-02
