*** transform info ***
phi = 1.04908E+02
dx  = 5.86913E+00
dy  = -2.34976E+00
*** defect info ***
r  =  2.55548E-01
h  =  4.49040E-02
