*** transform info ***
phi = 5.45441E+01
dx  = 7.00205E+00
dy  = -1.95215E+00
*** defect info ***
r  =  7.74720E-01
h  =  8.59801E-02
