*** transform info ***
phi = 5.71670E+01
dx  = -6.98227E+00
dy  = -4.13565E-01
*** defect info ***
r  =  4.45690E-01
h  =  9.07762E-02
