*** transform info ***
phi = 2.06023E+01
dx  = 3.67271E-01
dy  = 1.97365E+00
*** defect info ***
r  =  3.73039E-01
h  =  5.62391E-02
