*** transform info ***
phi = 9.44052E+01
dx  = -7.50972E+00
dy  = -3.31113E+00
*** defect info ***
r  =  7.64460E-01
h  =  7.22854E-02
