*** transform info ***
phi = 4.82835E+01
dx  = -5.33837E+00
dy  = 2.82885E-01
*** defect info ***
r  =  3.68607E-01
h  =  7.39478E-02
