*** transform info ***
phi = 1.58864E+02
dx  = 6.88368E+00
dy  = 2.80093E-01
*** defect info ***
r  =  5.01735E-01
h  =  8.80609E-02
