*** transform info ***
phi = 1.07893E+02
dx  = -3.57192E+00
dy  = -8.35113E-01
*** defect info ***
r  =  6.04085E-01
h  =  2.04193E-02
