*** transform info ***
phi = 9.52795E+01
dx  = 5.65013E+00
dy  = 1.83272E+00
*** defect info ***
r  =  2.26164E-01
h  =  4.35353E-02
