*** transform info ***
phi = 4.12577E+01
dx  = 1.33425E+00
dy  = 2.09059E+00
*** defect info ***
r  =  5.52182E-01
h  =  6.77256E-02
