*** transform info ***
phi = 1.61579E+02
dx  = -3.18828E+00
dy  = 4.07212E+00
*** defect info ***
r  =  3.96120E-01
h  =  8.96407E-02
