*** transform info ***
phi = 4.89865E+01
dx  = -1.23687E+00
dy  = -1.11167E+00
*** defect info ***
r  =  2.39064E-01
h  =  4.88104E-02
