*** transform info ***
phi = 1.26220E+01
dx  = 1.71809E+00
dy  = 1.14764E+00
*** defect info ***
r  =  7.24932E-01
h  =  6.54303E-02
