*** transform info ***
phi = 1.26008E+02
dx  = 3.63784E+00
dy  = -2.37961E+00
*** defect info ***
r  =  4.74848E-01
h  =  6.71022E-02
