*** transform info ***
phi = 1.68600E+02
dx  = -6.51933E-01
dy  = -1.25714E+00
*** defect info ***
r  =  5.87755E-01
h  =  8.54350E-02
