*** transform info ***
phi = 5.76646E+00
dx  = -4.77340E+00
dy  = -4.02782E+00
*** defect info ***
r  =  7.70717E-01
h  =  3.30956E-02
