*** transform info ***
phi = 4.19706E+00
dx  = -4.40419E+00
dy  = -1.71318E+00
*** defect info ***
r  =  5.82846E-01
h  =  5.88918E-02
