*** transform info ***
phi = 8.87176E+01
dx  = -7.80269E+00
dy  = 4.71500E+00
*** defect info ***
r  =  1.54176E-01
h  =  4.88922E-02
