*** transform info ***
phi = 1.69763E+02
dx  = 3.49610E+00
dy  = -2.35554E+00
*** defect info ***
r  =  2.85462E-01
h  =  3.42397E-02
