*** transform info ***
phi = 1.61225E+02
dx  = -4.35880E+00
dy  = 9.27491E-01
*** defect info ***
r  =  2.17719E-01
h  =  3.64645E-02
