*** transform info ***
phi = 5.61047E+01
dx  = 3.29872E+00
dy  = 2.84992E+00
*** defect info ***
r  =  7.69627E-01
h  =  5.21551E-02
