*** transform info ***
phi = 1.30247E+02
dx  = -1.13303E+00
dy  = 1.26097E-02
*** defect info ***
r  =  5.41498E-01
h  =  6.83397E-02
