*** transform info ***
phi = 1.48234E+02
dx  = -4.35718E+00
dy  = 7.57472E+00
*** defect info ***
r  =  4.72705E-01
h  =  4.48750E-02
