*** transform info ***
phi = 4.31702E+01
dx  = 1.86576E-01
dy  = 5.92347E+00
*** defect info ***
r  =  4.68309E-01
h  =  2.23351E-02
