*** transform info ***
phi = 8.81429E+01
dx  = -6.38784E+00
dy  = 2.36840E+00
*** defect info ***
r  =  3.98999E-01
h  =  8.47925E-02
