*** transform info ***
phi = 1.42345E+02
dx  = -4.48812E-01
dy  = -3.68036E+00
*** defect info ***
r  =  2.10834E-01
h  =  7.91123E-02
