*** transform info ***
phi = 4.22617E+01
dx  = 1.78962E+00
dy  = -5.18598E+00
*** defect info ***
r  =  4.22544E-01
h  =  2.61041E-02
