*** transform info ***
phi = 1.88022E+01
dx  = -3.92633E-01
dy  = -3.25649E+00
*** defect info ***
r  =  7.29769E-01
h  =  9.99499E-02
