*** transform info ***
phi = 5.24309E+01
dx  = 3.30712E+00
dy  = -3.96944E+00
*** defect info ***
r  =  5.93052E-01
h  =  5.82101E-02
