*** transform info ***
phi = 1.74575E+02
dx  = 1.66880E+00
dy  = -4.04286E+00
*** defect info ***
r  =  2.37916E-01
h  =  7.33306E-02
