*** transform info ***
phi = 3.05345E+01
dx  = -1.23607E+00
dy  = -2.11159E+00
*** defect info ***
r  =  5.97725E-01
h  =  2.28195E-02
