*** transform info ***
phi = 5.09917E+01
dx  = -3.18878E+00
dy  = -5.46658E+00
*** defect info ***
r  =  1.08748E-01
h  =  4.76101E-02
