*** transform info ***
phi = 1.53948E+02
dx  = 4.94357E+00
dy  = -3.14872E+00
*** defect info ***
r  =  3.75463E-01
h  =  7.88714E-02
