*** transform info ***
phi = 1.75690E+02
dx  = 7.83572E+00
dy  = -2.10014E+00
*** defect info ***
r  =  4.64648E-01
h  =  6.32792E-02
