*** transform info ***
phi = 9.10833E+01
dx  = -3.05450E+00
dy  = 4.03056E+00
*** defect info ***
r  =  3.23450E-01
h  =  6.44139E-02
