*** transform info ***
phi = 1.39009E+02
dx  = 2.54611E+00
dy  = 2.70381E+00
*** defect info ***
r  =  5.78521E-01
h  =  7.16633E-02
