*** transform info ***
phi = 1.98863E+01
dx  = -5.86932E+00
dy  = 7.56733E-02
*** defect info ***
r  =  3.60920E-01
h  =  9.79695E-02
