*** transform info ***
phi = 6.54170E+01
dx  = -5.96771E+00
dy  = -1.37865E+00
*** defect info ***
r  =  2.57861E-01
h  =  4.06604E-02
