*** transform info ***
phi = 8.47294E+01
dx  = -2.38564E+00
dy  = -3.55253E+00
*** defect info ***
r  =  4.31632E-01
h  =  5.39022E-02
