*** transform info ***
phi = 9.94357E+01
dx  = -6.11083E-01
dy  = 1.67205E+00
*** defect info ***
r  =  1.17947E+00
h  =  8.50614E-02
