*** transform info ***
phi = 2.43240E+01
dx  = 1.66790E+00
dy  = -9.47904E-01
*** defect info ***
r  =  5.60509E-01
h  =  6.16714E-02
