*** transform info ***
phi = 1.29960E+02
dx  = 8.46003E-01
dy  = 5.12264E+00
*** defect info ***
r  =  4.22122E-01
h  =  5.50925E-02
