*** transform info ***
phi = 1.54916E+02
dx  = -4.89138E+00
dy  = -4.89014E+00
*** defect info ***
r  =  1.58887E-01
h  =  4.57010E-02
