*** transform info ***
phi = 1.77716E+02
dx  = -1.72865E+00
dy  = -3.80500E+00
*** defect info ***
r  =  2.75144E-01
h  =  7.91954E-02
