*** transform info ***
phi = 2.10812E+01
dx  = -3.08120E+00
dy  = 1.53066E+00
*** defect info ***
r  =  1.08112E-01
h  =  2.69405E-02
