*** transform info ***
phi = 7.71220E+01
dx  = 6.83204E+00
dy  = 3.00805E+00
*** defect info ***
r  =  3.51504E-01
h  =  5.94712E-02
