*** transform info ***
phi = 3.19366E+01
dx  = 7.20786E+00
dy  = 8.17540E-01
*** defect info ***
r  =  6.80931E-01
h  =  2.75269E-02
