*** transform info ***
phi = 5.56475E+01
dx  = 2.24399E+00
dy  = -5.32368E+00
*** defect info ***
r  =  7.39438E-01
h  =  1.78083E-01
