*** transform info ***
phi = 7.87245E+01
dx  = 7.12327E+00
dy  = 2.37808E-04
*** defect info ***
r  =  7.83721E-01
h  =  9.71246E-02
