*** transform info ***
phi = 1.17497E+02
dx  = -1.23844E+00
dy  = -5.96417E-02
*** defect info ***
r  =  2.27003E-01
h  =  2.32335E-02
