*** transform info ***
phi = 2.77968E+00
dx  = 6.61139E+00
dy  = 1.82916E+00
*** defect info ***
r  =  4.68687E-01
h  =  1.90857E-01
