*** transform info ***
phi = 1.34454E+02
dx  = 7.29718E+00
dy  = -9.09723E-01
*** defect info ***
r  =  5.72656E-01
h  =  1.67179E-01
