*** transform info ***
phi = 8.42171E+01
dx  = -9.87851E-01
dy  = 8.95481E-01
*** defect info ***
r  =  3.97053E-01
h  =  4.70729E-02
