*** transform info ***
phi = 1.47821E+02
dx  = 4.24990E+00
dy  = 6.86253E-01
*** defect info ***
r  =  2.81455E-01
h  =  3.55640E-02
