*** transform info ***
phi = 7.83143E+01
dx  = 7.20119E+00
dy  = 5.29483E+00
*** defect info ***
r  =  1.83399E-01
h  =  3.65865E-02
