*** transform info ***
phi = 3.47618E+01
dx  = -1.33862E+00
dy  = -8.66778E-01
*** defect info ***
r  =  4.32719E-01
h  =  4.10704E-02
