*** transform info ***
phi = 1.79813E+02
dx  = 1.64605E+00
dy  = 5.30050E-01
*** defect info ***
r  =  7.03242E-01
h  =  5.32509E-02
