*** transform info ***
phi = 6.91434E+01
dx  = -6.16929E+00
dy  = -3.75963E+00
*** defect info ***
r  =  5.81217E-01
h  =  5.30094E-02
