*** transform info ***
phi = 1.49062E+02
dx  = 7.35102E-01
dy  = 8.97515E-01
*** defect info ***
r  =  1.02323E-01
h  =  8.24455E-02
