*** transform info ***
phi = 6.85772E+01
dx  = -6.87627E-01
dy  = -3.57548E+00
*** defect info ***
r  =  5.90368E-01
h  =  5.22914E-02
