*** transform info ***
phi = 4.44901E+01
dx  = -1.87227E+00
dy  = -4.63991E+00
*** defect info ***
r  =  7.02123E-01
h  =  1.74135E-01
