*** transform info ***
phi = 1.25513E+02
dx  = 1.00450E+00
dy  = -1.60702E+00
*** defect info ***
r  =  1.46282E-01
h  =  7.77857E-02
