*** transform info ***
phi = 9.29540E+01
dx  = -1.81953E+00
dy  = 3.64769E+00
*** defect info ***
r  =  4.41406E-01
h  =  7.56545E-02
