*** transform info ***
phi = 1.78258E+02
dx  = -4.06573E+00
dy  = 2.95236E+00
*** defect info ***
r  =  5.57254E-01
h  =  5.91135E-02
