*** transform info ***
phi = 2.34742E+01
dx  = -3.30204E+00
dy  = -2.21012E+00
*** defect info ***
r  =  2.67435E-01
h  =  4.47860E-02
