*** transform info ***
phi = 9.02829E+01
dx  = -4.88329E-01
dy  = 4.19556E+00
*** defect info ***
r  =  1.34827E-01
h  =  5.30999E-02
