*** transform info ***
phi = 5.35365E+01
dx  = -1.05688E+00
dy  = -3.85720E+00
*** defect info ***
r  =  9.88862E-01
h  =  1.86246E-01
