*** transform info ***
phi = 6.04273E+01
dx  = -2.31991E+00
dy  = -6.45024E-01
*** defect info ***
r  =  4.30068E-01
h  =  1.46460E-01
