*** transform info ***
phi = 1.04238E+02
dx  = 2.47863E+00
dy  = -3.67265E+00
*** defect info ***
r  =  5.25105E-01
h  =  2.11239E-02
