*** transform info ***
phi = 2.11027E+01
dx  = -4.85761E+00
dy  = -1.14899E+00
*** defect info ***
r  =  6.02342E-01
h  =  7.97352E-02
