*** transform info ***
phi = 1.73621E+02
dx  = -3.35375E+00
dy  = -2.55750E-01
*** defect info ***
r  =  6.02179E-01
h  =  7.14804E-02
