*** transform info ***
phi = 1.43237E+02
dx  = 2.66154E+00
dy  = 4.04540E+00
*** defect info ***
r  =  7.35611E-01
h  =  7.68833E-02
