*** transform info ***
phi = 8.64012E+01
dx  = 1.97047E+00
dy  = 4.29045E+00
*** defect info ***
r  =  1.28381E-01
h  =  2.44054E-02
