*** transform info ***
phi = 7.35186E+01
dx  = -6.99735E+00
dy  = 1.31041E+00
*** defect info ***
r  =  3.57542E-01
h  =  9.25841E-02
