*** transform info ***
phi = 1.65158E+02
dx  = 5.37324E+00
dy  = 2.18268E+00
*** defect info ***
r  =  2.21853E-01
h  =  9.00991E-02
