*** transform info ***
phi = 5.89723E+01
dx  = 7.72369E+00
dy  = -1.62820E+00
*** defect info ***
r  =  2.34324E-01
h  =  9.90658E-02
