*** transform info ***
phi = 1.63486E+02
dx  = 2.20670E+00
dy  = 2.84570E+00
*** defect info ***
r  =  5.34813E-01
h  =  2.78995E-02
