*** transform info ***
phi = 1.21520E+02
dx  = -1.10939E-01
dy  = -2.58916E+00
*** defect info ***
r  =  7.11069E-01
h  =  7.16118E-02
