*** transform info ***
phi = 6.53755E+01
dx  = 5.65904E+00
dy  = -5.49471E+00
*** defect info ***
r  =  6.23402E-01
h  =  1.70884E-01
