*** transform info ***
phi = 1.33551E+02
dx  = 2.95870E+00
dy  = 1.45862E+00
*** defect info ***
r  =  1.14287E-01
h  =  3.96982E-02
