*** transform info ***
phi = 7.38721E+01
dx  = -6.85297E+00
dy  = 3.13828E+00
*** defect info ***
r  =  5.90775E-01
h  =  7.52736E-02
