*** transform info ***
phi = 1.08893E+02
dx  = 7.73036E+00
dy  = -1.69076E+00
*** defect info ***
r  =  1.55332E-01
h  =  5.51256E-02
