*** transform info ***
phi = 1.01460E+02
dx  = -9.14099E-01
dy  = 3.09962E+00
*** defect info ***
r  =  4.83267E-01
h  =  5.84089E-02
