*** transform info ***
phi = 5.62768E+01
dx  = 3.57912E+00
dy  = 3.64112E+00
*** defect info ***
r  =  5.05392E-01
h  =  7.76718E-02
