*** transform info ***
phi = 7.73549E+01
dx  = 1.37515E+00
dy  = -4.18578E+00
*** defect info ***
r  =  9.63004E-01
h  =  1.07268E-01
