*** transform info ***
phi = 8.37788E+01
dx  = -6.24289E+00
dy  = -5.09789E-01
*** defect info ***
r  =  3.08815E-01
h  =  4.78754E-02
