*** transform info ***
phi = 7.22447E+01
dx  = -4.75471E+00
dy  = -8.27247E-01
*** defect info ***
r  =  1.82343E-01
h  =  4.77549E-02
