*** transform info ***
phi = 1.40509E+02
dx  = -5.05509E+00
dy  = -5.11657E-01
*** defect info ***
r  =  1.89943E-01
h  =  4.94345E-02
