*** transform info ***
phi = 1.22432E+02
dx  = -6.94509E+00
dy  = -6.22319E-03
*** defect info ***
r  =  5.67073E-01
h  =  7.49312E-02
