*** transform info ***
phi = 1.15257E+02
dx  = 7.13479E-01
dy  = 1.14257E+00
*** defect info ***
r  =  3.22154E-01
h  =  2.86766E-02
