*** transform info ***
phi = 1.40533E+02
dx  = 5.64361E+00
dy  = 2.96786E-01
*** defect info ***
r  =  2.63998E-01
h  =  5.16130E-02
