*** transform info ***
phi = 1.56479E+02
dx  = 5.44976E+00
dy  = 5.07598E+00
*** defect info ***
r  =  5.07898E-01
h  =  2.08911E-02
