*** transform info ***
phi = 1.29716E+02
dx  = -3.94969E+00
dy  = -1.39825E+00
*** defect info ***
r  =  4.04584E-01
h  =  6.90083E-02
