*** transform info ***
phi = 6.57129E+01
dx  = -7.44993E+00
dy  = -4.91295E+00
*** defect info ***
r  =  8.96181E-01
h  =  1.21780E-01
