*** transform info ***
phi = 1.07772E+02
dx  = -8.39053E-01
dy  = -2.03926E+00
*** defect info ***
r  =  5.64256E-01
h  =  8.01704E-02
