*** transform info ***
phi = 7.26194E+00
dx  = -2.11062E+00
dy  = -2.86583E+00
*** defect info ***
r  =  2.11645E-01
h  =  6.01974E-02
