*** transform info ***
phi = 6.93292E+01
dx  = 1.58127E+00
dy  = -4.93377E+00
*** defect info ***
r  =  3.17309E-01
h  =  3.42954E-02
