*** transform info ***
phi = 9.22209E+01
dx  = -5.13196E+00
dy  = 1.83096E+00
*** defect info ***
r  =  5.30953E-01
h  =  6.46660E-02
