*** transform info ***
phi = 5.25728E+01
dx  = 1.22638E+00
dy  = 3.23122E+00
*** defect info ***
r  =  6.77642E-01
h  =  9.64350E-02
