*** transform info ***
phi = 1.50017E+02
dx  = 4.14246E+00
dy  = -4.93079E+00
*** defect info ***
r  =  5.79846E-01
h  =  9.67590E-02
