*** transform info ***
phi = 1.38577E+02
dx  = 9.85693E-01
dy  = -1.55266E+00
*** defect info ***
r  =  6.13435E-01
h  =  7.52271E-02
