*** transform info ***
phi = 1.48293E+02
dx  = 5.39235E+00
dy  = 4.02535E-01
*** defect info ***
r  =  4.85050E-01
h  =  4.84096E-02
