*** transform info ***
phi = 2.90414E+01
dx  = -4.26849E+00
dy  = 1.54100E+00
*** defect info ***
r  =  5.58887E-01
h  =  6.02301E-02
