*** transform info ***
phi = 6.73372E-01
dx  = 6.48790E+00
dy  = -1.16234E+00
*** defect info ***
r  =  4.14836E-01
h  =  1.65711E-01
