*** transform info ***
phi = 5.41197E+01
dx  = 3.13086E+00
dy  = -5.28934E+00
*** defect info ***
r  =  1.47359E-01
h  =  8.33981E-02
