*** transform info ***
phi = 6.75430E+01
dx  = 4.35817E+00
dy  = 3.78915E+00
*** defect info ***
r  =  1.02314E+00
h  =  1.83168E-01
