*** transform info ***
phi = 7.57179E+01
dx  = 2.07505E+00
dy  = -2.81820E+00
*** defect info ***
r  =  7.21763E-01
h  =  8.28103E-02
