*** transform info ***
phi = 6.64292E+01
dx  = 3.52308E+00
dy  = 3.51438E+00
*** defect info ***
r  =  5.61234E-01
h  =  8.62829E-02
