*** transform info ***
phi = 1.38424E+02
dx  = 3.95387E+00
dy  = -4.51038E+00
*** defect info ***
r  =  5.38216E-01
h  =  9.85200E-02
