*** transform info ***
phi = 1.28198E+02
dx  = 1.32656E+00
dy  = -1.65227E+00
*** defect info ***
r  =  1.40172E-01
h  =  6.53207E-02
