*** transform info ***
phi = 1.71462E+02
dx  = -4.08010E+00
dy  = -1.43793E+00
*** defect info ***
r  =  5.15184E-01
h  =  1.33357E-01
