*** transform info ***
phi = 5.54238E+00
dx  = 4.16846E+00
dy  = -2.59798E+00
*** defect info ***
r  =  7.40398E-01
h  =  6.34948E-02
