*** transform info ***
phi = 1.09561E+02
dx  = -3.68992E+00
dy  = 2.47962E+00
*** defect info ***
r  =  3.85910E-01
h  =  8.48807E-02
