*** transform info ***
phi = 1.67171E+02
dx  = 7.26041E+00
dy  = -2.04783E+00
*** defect info ***
r  =  5.72402E-01
h  =  7.21792E-02
