*** transform info ***
phi = 5.88349E+01
dx  = 3.61090E+00
dy  = 3.08180E+00
*** defect info ***
r  =  5.69989E-01
h  =  8.72053E-02
