*** transform info ***
phi = 4.20585E+01
dx  = -5.49014E+00
dy  = -9.38727E-01
*** defect info ***
r  =  1.40647E-01
h  =  6.09426E-02
