*** transform info ***
phi = 1.72718E+02
dx  = 4.70579E+00
dy  = 3.18862E+00
*** defect info ***
r  =  6.03935E-01
h  =  6.01501E-02
