*** transform info ***
phi = 8.65508E+00
dx  = -4.77855E+00
dy  = -1.99884E+00
*** defect info ***
r  =  2.33179E-01
h  =  5.90122E-02
