*** transform info ***
phi = 1.15524E+02
dx  = 3.09943E+00
dy  = 5.19558E-01
*** defect info ***
r  =  4.62129E-01
h  =  7.28042E-02
