*** transform info ***
phi = 9.41671E+01
dx  = -3.86007E+00
dy  = -3.70583E-01
*** defect info ***
r  =  9.25396E-01
h  =  8.31667E-02
