*** transform info ***
phi = 3.92142E+01
dx  = 2.97450E+00
dy  = -2.09579E+00
*** defect info ***
r  =  7.52616E-01
h  =  1.96059E-01
