*** transform info ***
phi = 4.78039E+01
dx  = -1.35053E+00
dy  = 6.88363E+00
*** defect info ***
r  =  4.47958E-01
h  =  4.08217E-02
