*** transform info ***
phi = 6.91732E+01
dx  = -2.74892E+00
dy  = -4.94479E+00
*** defect info ***
r  =  3.10225E-01
h  =  8.58134E-02
