*** transform info ***
phi = 5.72553E+01
dx  = -3.13861E+00
dy  = 1.99596E+00
*** defect info ***
r  =  7.91364E-01
h  =  1.34833E-01
