*** transform info ***
phi = 1.39224E+01
dx  = 3.37732E+00
dy  = -6.04510E-01
*** defect info ***
r  =  1.05427E+00
h  =  1.42865E-01
