*** transform info ***
phi = 1.01997E+02
dx  = 3.07281E+00
dy  = -1.02151E+00
*** defect info ***
r  =  5.88759E-01
h  =  5.83389E-02
