*** transform info ***
phi = 8.56187E+01
dx  = 3.25854E-01
dy  = -9.32594E-01
*** defect info ***
r  =  3.25712E-01
h  =  2.03623E-02
