*** transform info ***
phi = 1.92417E+00
dx  = -3.36419E+00
dy  = -4.49508E+00
*** defect info ***
r  =  1.47592E-01
h  =  5.00661E-02
