*** transform info ***
phi = 8.90230E+01
dx  = 2.14397E+00
dy  = -1.90834E+00
*** defect info ***
r  =  6.34409E-01
h  =  4.65839E-02
