*** transform info ***
phi = 1.23546E+02
dx  = 7.85288E+00
dy  = -3.14350E-01
*** defect info ***
r  =  1.62547E-01
h  =  2.58833E-02
