*** transform info ***
phi = 6.00278E+01
dx  = 2.31270E+00
dy  = -5.11823E+00
*** defect info ***
r  =  3.00724E-01
h  =  3.30480E-02
