*** transform info ***
phi = 2.52633E+01
dx  = -1.92946E+00
dy  = -3.21859E-01
*** defect info ***
r  =  5.80748E-01
h  =  7.92868E-02
