*** transform info ***
phi = 1.29198E+02
dx  = -1.03350E+00
dy  = 5.99197E-01
*** defect info ***
r  =  3.47803E-01
h  =  6.04554E-02
