*** transform info ***
phi = 6.83636E+01
dx  = -7.32398E+00
dy  = -6.11196E+00
*** defect info ***
r  =  1.97416E-01
h  =  2.25325E-02
