*** transform info ***
phi = 1.75202E+02
dx  = -6.00886E+00
dy  = 1.59628E+00
*** defect info ***
r  =  3.42865E-01
h  =  6.39695E-02
