*** transform info ***
phi = 1.55040E+02
dx  = 5.21475E+00
dy  = 2.27487E+00
*** defect info ***
r  =  1.18727E+00
h  =  1.32350E-01
