*** transform info ***
phi = 5.32408E+01
dx  = 1.22043E-01
dy  = -1.34827E+00
*** defect info ***
r  =  6.50847E-01
h  =  4.33478E-02
