*** transform info ***
phi = 7.64049E+01
dx  = -7.82543E+00
dy  = 1.15552E+00
*** defect info ***
r  =  7.81092E-01
h  =  7.73869E-02
