*** transform info ***
phi = 1.44152E+02
dx  = 4.27973E+00
dy  = 7.08059E-01
*** defect info ***
r  =  2.73832E-01
h  =  3.27850E-02
