*** transform info ***
phi = 4.79273E+01
dx  = 1.47256E+00
dy  = 7.43711E+00
*** defect info ***
r  =  1.11180E-01
h  =  8.21150E-02
