*** transform info ***
phi = 6.02651E+01
dx  = -8.91389E-01
dy  = 1.01664E+00
*** defect info ***
r  =  5.04685E-01
h  =  1.27989E-01
