*** transform info ***
phi = 1.70281E+02
dx  = -1.67748E+00
dy  = -1.61564E+00
*** defect info ***
r  =  5.40167E-01
h  =  3.16269E-02
