*** transform info ***
phi = 1.61481E+02
dx  = -5.13000E+00
dy  = -2.85683E-01
*** defect info ***
r  =  1.15295E+00
h  =  1.63088E-01
