*** transform info ***
phi = 1.23256E+02
dx  = 2.82597E+00
dy  = -2.64518E+00
*** defect info ***
r  =  5.63198E-01
h  =  9.17372E-02
