*** transform info ***
phi = 1.41235E+02
dx  = -1.04287E+00
dy  = -2.01785E+00
*** defect info ***
r  =  4.37469E-01
h  =  5.56534E-02
