*** transform info ***
phi = 1.42427E+02
dx  = -4.60454E+00
dy  = -1.77308E+00
*** defect info ***
r  =  1.17237E+00
h  =  1.99921E-01
