*** transform info ***
phi = 1.90070E+01
dx  = 3.83757E+00
dy  = -5.51412E-01
*** defect info ***
r  =  4.78744E-01
h  =  3.33941E-02
