*** transform info ***
phi = 1.69582E+02
dx  = -6.22683E+00
dy  = -1.35965E+00
*** defect info ***
r  =  6.01217E-01
h  =  4.28051E-02
