*** transform info ***
phi = 7.64655E+01
dx  = 3.18408E+00
dy  = -5.03336E+00
*** defect info ***
r  =  2.37013E-01
h  =  3.58900E-02
