*** transform info ***
phi = 6.26425E+00
dx  = 3.65300E-01
dy  = -2.70107E+00
*** defect info ***
r  =  8.00934E-01
h  =  9.51952E-02
