*** transform info ***
phi = 1.51982E+02
dx  = 3.19545E+00
dy  = 4.75106E+00
*** defect info ***
r  =  8.56270E-01
h  =  1.53812E-01
