*** transform info ***
phi = 1.78208E+01
dx  = 7.95502E-01
dy  = 2.76338E+00
*** defect info ***
r  =  7.81425E-01
h  =  6.26658E-02
