*** transform info ***
phi = 6.22000E+01
dx  = -7.67621E+00
dy  = 1.85391E+00
*** defect info ***
r  =  1.11678E+00
h  =  1.60225E-01
