*** transform info ***
phi = 1.29396E+02
dx  = 1.38618E+00
dy  = 3.34379E+00
*** defect info ***
r  =  8.80878E-01
h  =  1.13480E-01
