*** transform info ***
phi = 1.57465E+02
dx  = 6.96186E+00
dy  = -4.24975E+00
*** defect info ***
r  =  1.12676E+00
h  =  9.76257E-02
