*** transform info ***
phi = 6.17029E+01
dx  = -3.48941E+00
dy  = -4.63740E+00
*** defect info ***
r  =  6.07464E-01
h  =  1.00733E-01
