*** transform info ***
phi = 1.45602E+02
dx  = -3.55570E+00
dy  = 5.33678E+00
*** defect info ***
r  =  1.15186E+00
h  =  7.25091E-02
