*** transform info ***
phi = 4.19401E+01
dx  = -1.96987E+00
dy  = -2.49341E+00
*** defect info ***
r  =  8.15104E-01
h  =  8.76317E-02
