*** transform info ***
phi = 7.54900E+01
dx  = -6.62252E+00
dy  = -4.31186E+00
*** defect info ***
r  =  9.05051E-01
h  =  5.92625E-02
