*** transform info ***
phi = 4.58608E+01
dx  = 4.96383E-01
dy  = -1.63692E-01
*** defect info ***
r  =  4.01031E-01
h  =  6.34554E-02
