*** transform info ***
phi = 1.30265E+00
dx  = 5.54615E+00
dy  = -2.39662E+00
*** defect info ***
r  =  7.25391E-01
h  =  1.59611E-01
