*** transform info ***
phi = 8.09409E+01
dx  = -6.49780E+00
dy  = -7.40614E-01
*** defect info ***
r  =  5.77525E-01
h  =  1.27492E-01
