*** transform info ***
phi = 1.74905E+02
dx  = 4.10140E-02
dy  = 1.27149E+00
*** defect info ***
r  =  6.46376E-01
h  =  1.11259E-01
