*** transform info ***
phi = 1.41540E+02
dx  = -3.54615E+00
dy  = -5.96243E+00
*** defect info ***
r  =  6.17021E-01
h  =  2.62585E-02
