*** transform info ***
phi = 1.79582E+02
dx  = 5.54777E+00
dy  = -2.86226E+00
*** defect info ***
r  =  7.06705E-01
h  =  8.21668E-02
