*** transform info ***
phi = 1.49977E+02
dx  = -2.30463E+00
dy  = 5.98969E+00
*** defect info ***
r  =  8.91225E-01
h  =  1.34045E-01
