*** transform info ***
phi = 5.59929E+01
dx  = 4.45857E+00
dy  = 2.02474E-01
*** defect info ***
r  =  7.73974E-01
h  =  7.97044E-02
