*** transform info ***
phi = 5.17384E+01
dx  = -4.54123E+00
dy  = 3.17289E+00
*** defect info ***
r  =  6.55147E-01
h  =  1.17756E-01
