*** transform info ***
phi = 1.55603E+02
dx  = -3.84381E-01
dy  = -8.94314E-01
*** defect info ***
r  =  3.82990E-01
h  =  4.98462E-02
