*** transform info ***
phi = 1.17662E+02
dx  = -5.88956E+00
dy  = 8.35780E-01
*** defect info ***
r  =  6.90148E-01
h  =  1.66464E-01
