*** transform info ***
phi = 2.27315E+01
dx  = -4.81963E+00
dy  = 1.09008E+00
*** defect info ***
r  =  3.13873E-01
h  =  5.98394E-02
