*** transform info ***
phi = 2.44400E+01
dx  = -3.28190E+00
dy  = 2.20722E+00
*** defect info ***
r  =  1.70216E-01
h  =  6.08675E-02
