*** transform info ***
phi = 5.98512E+01
dx  = 1.30046E+00
dy  = -3.48784E+00
*** defect info ***
r  =  1.08712E+00
h  =  6.46399E-02
