*** transform info ***
phi = 7.52687E+01
dx  = -1.72122E+00
dy  = 4.44790E+00
*** defect info ***
r  =  8.54763E-01
h  =  1.80219E-01
