*** transform info ***
phi = 1.78291E+01
dx  = 6.90998E+00
dy  = -3.21795E-01
*** defect info ***
r  =  6.95089E-01
h  =  1.37131E-01
