*** transform info ***
phi = 9.62927E+00
dx  = -1.26424E+00
dy  = 1.54801E+00
*** defect info ***
r  =  9.68092E-01
h  =  5.10237E-02
