*** transform info ***
phi = 9.08104E+01
dx  = -1.60626E+00
dy  = -3.82769E+00
*** defect info ***
r  =  6.30678E-01
h  =  1.31994E-01
