*** transform info ***
phi = 1.17332E+02
dx  = -4.62982E+00
dy  = 9.03684E-01
*** defect info ***
r  =  9.62311E-01
h  =  8.14819E-02
