*** transform info ***
phi = 1.39526E+02
dx  = -4.66582E-01
dy  = -5.58474E+00
*** defect info ***
r  =  1.00924E+00
h  =  1.55147E-01
