*** transform info ***
phi = 7.74818E+01
dx  = -3.48104E+00
dy  = -4.45076E+00
*** defect info ***
r  =  7.41875E-01
h  =  1.33599E-01
