*** transform info ***
phi = 6.15914E+01
dx  = 5.85767E+00
dy  = -6.73428E+00
*** defect info ***
r  =  7.90413E-01
h  =  5.01720E-02
