*** transform info ***
phi = 5.57866E+01
dx  = 3.82063E+00
dy  = -7.12992E+00
*** defect info ***
r  =  4.17304E-01
h  =  1.77709E-01
