*** transform info ***
phi = 1.77386E+02
dx  = 2.36985E+00
dy  = 2.10340E+00
*** defect info ***
r  =  7.16653E-01
h  =  1.70263E-01
