*** transform info ***
phi = 1.20226E+01
dx  = 6.22604E+00
dy  = 2.66187E+00
*** defect info ***
r  =  1.04140E+00
h  =  9.62492E-02
