*** transform info ***
phi = 1.65191E+02
dx  = -6.62529E-01
dy  = -2.30497E+00
*** defect info ***
r  =  8.90966E-01
h  =  1.74052E-01
