*** transform info ***
phi = 6.62941E+01
dx  = 7.44340E+00
dy  = 3.81709E+00
*** defect info ***
r  =  4.51464E-01
h  =  1.89440E-01
