*** transform info ***
phi = 5.75158E+01
dx  = 1.78656E+00
dy  = -5.35585E+00
*** defect info ***
r  =  5.33644E-01
h  =  5.57973E-02
