*** transform info ***
phi = 9.75486E+01
dx  = -1.62103E+00
dy  = 3.80861E+00
*** defect info ***
r  =  7.74307E-01
h  =  1.59126E-01
