*** transform info ***
phi = 7.67198E+01
dx  = -1.46637E+00
dy  = 4.20994E+00
*** defect info ***
r  =  4.36846E-01
h  =  8.33621E-02
