*** transform info ***
phi = 1.77511E+02
dx  = 4.07107E+00
dy  = 1.87245E+00
*** defect info ***
r  =  5.72218E-01
h  =  8.66592E-02
