*** transform info ***
phi = 7.61111E+01
dx  = 3.17125E+00
dy  = -1.58749E+00
*** defect info ***
r  =  6.62358E-01
h  =  5.68850E-02
