*** transform info ***
phi = 9.38793E+01
dx  = 7.49266E+00
dy  = 1.55299E+00
*** defect info ***
r  =  8.34761E-01
h  =  6.54508E-02
