*** transform info ***
phi = 1.46914E+02
dx  = -7.57824E+00
dy  = -8.23894E-01
*** defect info ***
r  =  8.27510E-01
h  =  7.20777E-02
