*** transform info ***
phi = 1.78148E+02
dx  = -4.61658E+00
dy  = -1.78719E+00
*** defect info ***
r  =  7.01978E-01
h  =  7.06200E-02
