*** transform info ***
phi = 4.56583E+01
dx  = -3.69406E-01
dy  = -7.17803E+00
*** defect info ***
r  =  4.05892E-01
h  =  1.62511E-01
