*** transform info ***
phi = 1.54642E+02
dx  = -4.79154E+00
dy  = -2.68607E+00
*** defect info ***
r  =  1.13534E+00
h  =  1.88348E-01
