*** transform info ***
phi = 1.30200E+02
dx  = -1.44583E-01
dy  = 1.87446E+00
*** defect info ***
r  =  4.04606E-01
h  =  1.93470E-01
