*** transform info ***
phi = 1.48801E+01
dx  = 2.91759E+00
dy  = -1.12190E+00
*** defect info ***
r  =  5.19266E-01
h  =  1.30593E-01
