*** transform info ***
phi = 5.21825E+01
dx  = -3.86130E+00
dy  = -5.34358E+00
*** defect info ***
r  =  1.17487E+00
h  =  1.55855E-01
