*** transform info ***
phi = 1.75052E+02
dx  = -3.89471E+00
dy  = 3.02401E+00
*** defect info ***
r  =  1.15773E+00
h  =  5.96246E-02
