*** transform info ***
phi = 1.42852E+02
dx  = -2.11808E+00
dy  = -6.55485E+00
*** defect info ***
r  =  5.51651E-01
h  =  5.78125E-02
