*** transform info ***
phi = 1.04039E+02
dx  = 6.06624E+00
dy  = 7.80563E-01
*** defect info ***
r  =  9.11648E-01
h  =  1.84686E-01
