*** transform info ***
phi = 1.75344E+02
dx  = 5.72936E+00
dy  = -1.25991E+00
*** defect info ***
r  =  5.43886E-01
h  =  1.00904E-01
