*** transform info ***
phi = 6.25374E+01
dx  = -4.62700E+00
dy  = -3.35721E-01
*** defect info ***
r  =  6.05129E-01
h  =  7.81240E-02
