*** transform info ***
phi = 2.66909E+01
dx  = -3.03893E+00
dy  = 2.59604E+00
*** defect info ***
r  =  9.27314E-01
h  =  1.66739E-01
