*** transform info ***
phi = 4.64170E+01
dx  = 3.02580E+00
dy  = -2.87188E+00
*** defect info ***
r  =  8.44356E-01
h  =  1.80718E-01
