*** transform info ***
phi = 5.29575E+01
dx  = 1.58049E+00
dy  = 2.69579E+00
*** defect info ***
r  =  9.23181E-01
h  =  1.82184E-01
