*** transform info ***
phi = 1.63191E+02
dx  = -2.86146E+00
dy  = 2.78417E+00
*** defect info ***
r  =  9.29575E-01
h  =  8.18608E-02
