*** transform info ***
phi = 1.62300E+02
dx  = -7.33215E-01
dy  = -1.14328E+00
*** defect info ***
r  =  9.22226E-01
h  =  1.35462E-01
