*** transform info ***
phi = 2.23708E+00
dx  = -4.02211E+00
dy  = -1.03157E+00
*** defect info ***
r  =  4.84804E-01
h  =  1.29801E-01
