*** transform info ***
phi = 1.28290E+02
dx  = -4.98708E+00
dy  = 7.80373E-01
*** defect info ***
r  =  5.73660E-01
h  =  1.88190E-01
