*** transform info ***
phi = 6.98270E+01
dx  = 5.54356E+00
dy  = 6.05072E+00
*** defect info ***
r  =  2.10245E-01
h  =  4.30908E-02
