*** transform info ***
phi = 1.41886E+02
dx  = 2.83185E-01
dy  = 3.92728E+00
*** defect info ***
r  =  7.28184E-01
h  =  1.60282E-01
