*** transform info ***
phi = 1.42560E+02
dx  = 7.28959E-01
dy  = -8.80657E-01
*** defect info ***
r  =  7.93894E-01
h  =  1.34849E-01
