*** transform info ***
phi = 5.11768E+01
dx  = 7.35230E-01
dy  = -7.06444E+00
*** defect info ***
r  =  4.95828E-01
h  =  7.82577E-02
