*** transform info ***
phi = 1.38590E+02
dx  = 5.98359E+00
dy  = 1.65708E+00
*** defect info ***
r  =  4.31061E-01
h  =  1.63891E-01
