*** transform info ***
phi = 8.95259E+00
dx  = 7.56411E+00
dy  = 1.13960E-01
*** defect info ***
r  =  5.81018E-01
h  =  6.45215E-02
