*** transform info ***
phi = 1.28412E+02
dx  = -4.09434E+00
dy  = -2.92248E-01
*** defect info ***
r  =  5.31354E-01
h  =  1.20240E-01
