*** transform info ***
phi = 5.76788E+01
dx  = -5.06929E+00
dy  = -3.72586E+00
*** defect info ***
r  =  5.93960E-01
h  =  8.68628E-02
