*** transform info ***
phi = 1.36496E+01
dx  = 5.59287E+00
dy  = 2.20849E+00
*** defect info ***
r  =  1.19491E+00
h  =  1.32821E-01
