*** transform info ***
phi = 1.44322E+02
dx  = 2.05961E+00
dy  = 3.92356E+00
*** defect info ***
r  =  6.97392E-01
h  =  1.93718E-01
