*** transform info ***
phi = 1.01042E+02
dx  = -2.91626E+00
dy  = 8.72946E-02
*** defect info ***
r  =  1.00123E+00
h  =  6.79726E-02
