*** transform info ***
phi = 1.04182E+02
dx  = -6.13464E+00
dy  = 1.60013E+00
*** defect info ***
r  =  8.08882E-01
h  =  1.62961E-01
