*** transform info ***
phi = 1.11635E+00
dx  = -4.94841E+00
dy  = 1.26646E+00
*** defect info ***
r  =  9.37140E-01
h  =  1.62485E-01
