*** transform info ***
phi = 1.48226E+02
dx  = -6.81037E+00
dy  = -1.08462E-02
*** defect info ***
r  =  9.10216E-01
h  =  8.78777E-02
