*** transform info ***
phi = 1.49173E+02
dx  = 6.26490E+00
dy  = -4.53682E+00
*** defect info ***
r  =  9.64092E-01
h  =  5.43785E-02
