*** transform info ***
phi = 5.99100E+00
dx  = -6.88315E+00
dy  = 1.28509E-01
*** defect info ***
r  =  1.00335E+00
h  =  7.41779E-02
