*** transform info ***
phi = 5.09774E+01
dx  = -2.69539E+00
dy  = -4.69463E-01
*** defect info ***
r  =  6.09972E-01
h  =  1.84614E-01
