*** transform info ***
phi = 2.24437E+01
dx  = 4.58745E+00
dy  = -1.14382E+00
*** defect info ***
r  =  8.31856E-01
h  =  1.98043E-01
