*** transform info ***
phi = 3.85929E+01
dx  = -1.20624E+00
dy  = -5.37692E+00
*** defect info ***
r  =  9.74191E-01
h  =  1.05809E-01
