*** transform info ***
phi = 6.08367E+01
dx  = -7.73677E+00
dy  = 2.08921E+00
*** defect info ***
r  =  1.08422E+00
h  =  6.09334E-02
