*** transform info ***
phi = 1.50189E+02
dx  = -5.48689E+00
dy  = 5.10531E+00
*** defect info ***
r  =  4.26026E-01
h  =  6.81374E-02
