*** transform info ***
phi = 1.01306E+02
dx  = -3.77975E+00
dy  = 2.55196E+00
*** defect info ***
r  =  1.19978E+00
h  =  8.06094E-02
