*** transform info ***
phi = 1.54476E+02
dx  = -3.43444E+00
dy  = -6.40756E+00
*** defect info ***
r  =  1.01753E+00
h  =  1.94071E-01
