*** transform info ***
phi = 2.17901E+01
dx  = 4.86224E-01
dy  = 6.29423E-01
*** defect info ***
r  =  9.53340E-01
h  =  1.43165E-01
