*** transform info ***
phi = 5.51108E+01
dx  = -4.31945E+00
dy  = -3.03268E+00
*** defect info ***
r  =  1.01277E+00
h  =  1.99213E-01
