*** transform info ***
phi = 1.39251E+02
dx  = -6.95239E+00
dy  = 1.20914E+00
*** defect info ***
r  =  1.06434E+00
h  =  1.39924E-01
