*** transform info ***
phi = 4.25934E+01
dx  = 1.99793E+00
dy  = 3.70667E+00
*** defect info ***
r  =  5.83744E-01
h  =  1.37170E-01
