*** transform info ***
phi = 9.35336E+01
dx  = -3.19925E+00
dy  = 4.08376E+00
*** defect info ***
r  =  4.33004E-01
h  =  9.88620E-02
