*** transform info ***
phi = 7.80769E+01
dx  = 5.76893E+00
dy  = -4.20842E+00
*** defect info ***
r  =  1.17664E+00
h  =  1.21937E-01
