*** transform info ***
phi = 5.05083E+01
dx  = -1.51735E+00
dy  = -6.70627E-01
*** defect info ***
r  =  4.08742E-01
h  =  1.10099E-01
