*** transform info ***
phi = 1.30976E+02
dx  = -2.72233E+00
dy  = -4.16416E+00
*** defect info ***
r  =  8.36386E-01
h  =  6.96871E-02
