*** transform info ***
phi = 1.28525E+02
dx  = -4.95884E+00
dy  = -1.13313E+00
*** defect info ***
r  =  5.23877E-01
h  =  1.28857E-01
