*** transform info ***
phi = 1.61485E+02
dx  = -1.33952E+00
dy  = 3.30249E-01
*** defect info ***
r  =  5.94801E-01
h  =  8.20997E-02
