*** transform info ***
phi = 1.05101E+02
dx  = 5.32767E+00
dy  = -2.19115E+00
*** defect info ***
r  =  8.11171E-01
h  =  1.24933E-01
