*** transform info ***
phi = 1.45983E+02
dx  = -7.41861E+00
dy  = 1.62729E+00
*** defect info ***
r  =  7.74354E-01
h  =  6.43161E-02
