*** transform info ***
phi = 8.38998E+01
dx  = -1.36360E+00
dy  = 4.68625E-01
*** defect info ***
r  =  6.97757E-01
h  =  1.55181E-01
