*** transform info ***
phi = 1.39971E+02
dx  = -7.25167E-01
dy  = 2.90636E+00
*** defect info ***
r  =  9.60342E-01
h  =  1.89376E-01
