*** transform info ***
phi = 4.97068E+01
dx  = 1.97419E+00
dy  = -9.00689E-01
*** defect info ***
r  =  1.11129E+00
h  =  1.20908E-01
