*** transform info ***
phi = 5.60602E+01
dx  = 4.15941E+00
dy  = -4.12452E+00
*** defect info ***
r  =  7.42149E-01
h  =  1.24709E-01
