*** transform info ***
phi = 1.37954E+02
dx  = -1.86446E+00
dy  = -4.34417E+00
*** defect info ***
r  =  8.36159E-01
h  =  6.91107E-02
