*** transform info ***
phi = 1.15606E+02
dx  = 3.03226E+00
dy  = 2.35092E-01
*** defect info ***
r  =  7.98530E-01
h  =  1.06023E-01
