*** transform info ***
phi = 1.77504E+02
dx  = 4.21011E+00
dy  = 1.60257E+00
*** defect info ***
r  =  6.22303E-01
h  =  6.92513E-02
