*** transform info ***
phi = 6.95791E+01
dx  = -4.65906E+00
dy  = 5.50182E+00
*** defect info ***
r  =  6.73605E-01
h  =  6.68700E-02
