*** transform info ***
phi = 6.02015E-01
dx  = -3.02265E-01
dy  = 2.45223E+00
*** defect info ***
r  =  5.38983E-01
h  =  9.25545E-02
