*** transform info ***
phi = 1.39105E+02
dx  = -3.07660E+00
dy  = -2.56479E-01
*** defect info ***
r  =  5.27058E-01
h  =  1.83880E-01
