*** transform info ***
phi = 4.75747E+01
dx  = -4.96502E+00
dy  = -9.37035E-01
*** defect info ***
r  =  8.38888E-01
h  =  1.02241E-01
