*** transform info ***
phi = 1.93207E+01
dx  = -4.79077E+00
dy  = 2.46007E+00
*** defect info ***
r  =  4.73897E-01
h  =  1.04176E-01
