*** transform info ***
phi = 5.17815E+01
dx  = -1.74869E+00
dy  = 1.72550E+00
*** defect info ***
r  =  9.18188E-01
h  =  1.07030E-01
