*** transform info ***
phi = 1.47132E+02
dx  = -4.46818E+00
dy  = -3.02301E+00
*** defect info ***
r  =  6.48855E-01
h  =  1.18522E-01
