*** transform info ***
phi = 1.46067E+02
dx  = 5.04408E+00
dy  = 1.84965E+00
*** defect info ***
r  =  9.55604E-01
h  =  1.60142E-01
