*** transform info ***
phi = 1.17036E+02
dx  = 4.02366E-01
dy  = 2.72044E+00
*** defect info ***
r  =  7.29090E-01
h  =  1.15433E-01
