*** transform info ***
phi = 6.28083E+01
dx  = -1.21484E+00
dy  = -1.95941E+00
*** defect info ***
r  =  9.02334E-01
h  =  1.84455E-01
