*** transform info ***
phi = 1.26436E+02
dx  = -2.56461E+00
dy  = -2.40717E+00
*** defect info ***
r  =  9.02808E-01
h  =  7.78725E-02
