*** transform info ***
phi = 1.34314E+02
dx  = -3.18164E+00
dy  = -1.81728E+00
*** defect info ***
r  =  5.84088E-01
h  =  5.17696E-02
