*** transform info ***
phi = 2.39061E+01
dx  = 1.61084E+00
dy  = -3.13090E+00
*** defect info ***
r  =  1.15009E+00
h  =  5.63712E-02
