*** transform info ***
phi = 1.20759E+02
dx  = 1.42294E-01
dy  = 4.69007E+00
*** defect info ***
r  =  8.26690E-01
h  =  6.57010E-02
