*** transform info ***
phi = 5.64883E+01
dx  = 5.13184E+00
dy  = -1.34712E+00
*** defect info ***
r  =  6.35161E-01
h  =  1.54478E-01
