*** transform info ***
phi = 5.13348E+01
dx  = 2.08603E+00
dy  = -1.91773E+00
*** defect info ***
r  =  5.00216E-01
h  =  7.09895E-02
