*** transform info ***
phi = 1.09068E+02
dx  = 4.38434E+00
dy  = -1.89119E+00
*** defect info ***
r  =  5.19767E-01
h  =  1.69435E-01
