*** transform info ***
phi = 1.48594E+01
dx  = 8.41991E-01
dy  = -2.43828E+00
*** defect info ***
r  =  9.98514E-01
h  =  5.12188E-02
