*** transform info ***
phi = 3.81988E+01
dx  = 2.75373E+00
dy  = 3.30654E+00
*** defect info ***
r  =  1.14337E+00
h  =  9.16956E-02
