*** transform info ***
phi = 1.51512E+02
dx  = -3.18646E-01
dy  = 4.83305E+00
*** defect info ***
r  =  7.66154E-01
h  =  1.58592E-01
