*** transform info ***
phi = 5.52937E+01
dx  = -6.36160E+00
dy  = 1.19818E+00
*** defect info ***
r  =  7.50324E-01
h  =  1.84792E-01
