*** transform info ***
phi = 1.56619E+02
dx  = -3.55383E+00
dy  = -5.63997E+00
*** defect info ***
r  =  5.37221E-01
h  =  7.62887E-02
