*** transform info ***
phi = 9.58722E+01
dx  = 1.84133E+00
dy  = -1.89755E-01
*** defect info ***
r  =  1.04148E+00
h  =  1.30702E-01
