*** transform info ***
phi = 1.49467E+02
dx  = 3.47459E+00
dy  = 3.04218E+00
*** defect info ***
r  =  9.52169E-01
h  =  1.08922E-01
