*** transform info ***
phi = 8.34163E+01
dx  = -2.14495E-01
dy  = -1.05111E+00
*** defect info ***
r  =  4.65091E-01
h  =  8.61905E-02
