*** transform info ***
phi = 7.48394E+01
dx  = 2.05227E+00
dy  = 3.20259E+00
*** defect info ***
r  =  9.83040E-01
h  =  1.36961E-01
