*** transform info ***
phi = 5.19143E+01
dx  = 2.23409E+00
dy  = 9.27220E-01
*** defect info ***
r  =  5.87465E-01
h  =  7.65942E-02
