*** transform info ***
phi = 1.01423E+02
dx  = 6.33151E+00
dy  = 1.52289E+00
*** defect info ***
r  =  4.14784E-01
h  =  1.93283E-01
