*** transform info ***
phi = 1.29528E+02
dx  = -4.91690E+00
dy  = 8.70684E-01
*** defect info ***
r  =  1.12474E+00
h  =  8.15004E-02
