*** transform info ***
phi = 1.25718E+02
dx  = 9.52495E-01
dy  = -4.94837E+00
*** defect info ***
r  =  1.02407E+00
h  =  7.28583E-02
