*** transform info ***
phi = 1.16538E+02
dx  = -2.30231E+00
dy  = 2.85055E+00
*** defect info ***
r  =  7.16941E-01
h  =  1.59395E-01
