*** transform info ***
phi = 1.74094E+01
dx  = -5.93313E+00
dy  = 1.98828E-01
*** defect info ***
r  =  6.15683E-01
h  =  1.93524E-01
