*** transform info ***
phi = 1.48993E+02
dx  = -7.83623E-01
dy  = 5.91519E-02
*** defect info ***
r  =  4.94918E-01
h  =  5.08562E-02
