*** transform info ***
phi = 1.54439E+02
dx  = 3.69920E+00
dy  = -6.29750E+00
*** defect info ***
r  =  6.83868E-01
h  =  5.84983E-02
