*** transform info ***
phi = 7.96271E+01
dx  = 1.13676E+00
dy  = 1.37590E+00
*** defect info ***
r  =  8.66894E-01
h  =  1.91004E-01
