*** transform info ***
phi = 5.68185E+00
dx  = 3.46208E+00
dy  = 5.77285E-01
*** defect info ***
r  =  8.84237E-01
h  =  1.22164E-01
