*** transform info ***
phi = 4.55410E+01
dx  = 1.96424E+00
dy  = -2.09137E+00
*** defect info ***
r  =  9.84686E-01
h  =  9.88974E-02
