*** transform info ***
phi = 7.65604E+01
dx  = 2.89713E+00
dy  = 2.96815E-01
*** defect info ***
r  =  8.85155E-01
h  =  5.57534E-02
