*** transform info ***
phi = 9.39536E+01
dx  = -3.58754E+00
dy  = -1.69224E+00
*** defect info ***
r  =  8.12980E-01
h  =  1.55834E-01
