*** transform info ***
phi = 1.43966E+02
dx  = 5.42073E+00
dy  = 4.51139E+00
*** defect info ***
r  =  8.18381E-01
h  =  1.13535E-01
