*** transform info ***
phi = 6.07592E+01
dx  = -5.54847E+00
dy  = -1.52081E+00
*** defect info ***
r  =  6.97564E-01
h  =  1.79064E-01
