*** transform info ***
phi = 1.03209E+02
dx  = 4.53831E+00
dy  = 2.40134E+00
*** defect info ***
r  =  4.23592E-01
h  =  1.89682E-01
