*** transform info ***
phi = 2.40014E+00
dx  = -4.21329E-01
dy  = -4.43705E+00
*** defect info ***
r  =  7.71959E-01
h  =  1.31360E-01
