*** transform info ***
phi = 1.79144E+02
dx  = -1.65942E+00
dy  = -7.65019E-01
*** defect info ***
r  =  2.84190E-01
h  =  8.70282E-02
