*** transform info ***
phi = 6.75391E+01
dx  = -3.84353E+00
dy  = -5.08974E+00
*** defect info ***
r  =  7.04996E-01
h  =  1.82238E-01
