*** transform info ***
phi = 4.87964E+01
dx  = 1.16750E+00
dy  = 7.74139E+00
*** defect info ***
r  =  6.76407E-01
h  =  1.38459E-01
