*** transform info ***
phi = 1.43668E+02
dx  = -2.90612E-04
dy  = -3.37429E+00
*** defect info ***
r  =  6.32148E-01
h  =  4.73590E-02
