*** transform info ***
phi = 1.55178E+02
dx  = 6.14990E+00
dy  = 3.52066E+00
*** defect info ***
r  =  8.95213E-01
h  =  7.03234E-02
