*** transform info ***
phi = 1.26367E+02
dx  = -3.56149E+00
dy  = 6.13996E-01
*** defect info ***
r  =  4.97732E-01
h  =  1.42527E-01
