*** transform info ***
phi = 8.68972E+01
dx  = 6.67839E+00
dy  = 2.44667E+00
*** defect info ***
r  =  8.32467E-01
h  =  1.37554E-01
