*** transform info ***
phi = 9.51260E+01
dx  = 7.62438E+00
dy  = -4.29088E-01
*** defect info ***
r  =  8.52351E-01
h  =  1.49075E-01
