*** transform info ***
phi = 1.77427E+02
dx  = -6.96323E+00
dy  = -3.38810E+00
*** defect info ***
r  =  9.75944E-01
h  =  1.36458E-01
