*** transform info ***
phi = 4.84542E+01
dx  = 4.34937E+00
dy  = -1.87304E+00
*** defect info ***
r  =  7.24135E-01
h  =  1.35965E-01
