*** transform info ***
phi = 5.83294E+01
dx  = 3.07309E+00
dy  = 3.08310E+00
*** defect info ***
r  =  9.66659E-01
h  =  6.09699E-02
