*** transform info ***
phi = 1.57923E+02
dx  = -4.02579E+00
dy  = -4.69368E+00
*** defect info ***
r  =  4.11404E-01
h  =  1.25158E-01
