*** transform info ***
phi = 5.37386E+01
dx  = 4.58072E+00
dy  = 5.02444E+00
*** defect info ***
r  =  8.53294E-01
h  =  9.44661E-02
