*** transform info ***
phi = 1.28945E+02
dx  = 3.03219E+00
dy  = 2.80592E+00
*** defect info ***
r  =  7.02533E-01
h  =  5.85371E-02
