*** transform info ***
phi = 1.00381E+02
dx  = -1.59105E+00
dy  = 3.57121E+00
*** defect info ***
r  =  8.33091E-01
h  =  1.22874E-01
