*** transform info ***
phi = 1.60251E+02
dx  = -9.19498E-01
dy  = 4.46064E+00
*** defect info ***
r  =  1.00934E+00
h  =  1.84533E-01
