*** transform info ***
phi = 8.32098E+01
dx  = 4.75713E+00
dy  = 4.95322E+00
*** defect info ***
r  =  5.51049E-01
h  =  1.66697E-01
