*** transform info ***
phi = 6.01978E+01
dx  = -3.72882E+00
dy  = 3.65889E-01
*** defect info ***
r  =  1.04334E+00
h  =  8.61173E-02
