*** transform info ***
phi = 4.50242E+01
dx  = -2.30017E+00
dy  = 1.74067E+00
*** defect info ***
r  =  6.09824E-01
h  =  9.50136E-02
