*** transform info ***
phi = 1.16915E+02
dx  = -3.02644E+00
dy  = -6.82625E-01
*** defect info ***
r  =  8.29118E-01
h  =  7.34525E-02
