*** transform info ***
phi = 6.26762E+01
dx  = 6.82276E+00
dy  = 2.20047E+00
*** defect info ***
r  =  7.84670E-01
h  =  1.97613E-01
