*** transform info ***
phi = 3.74280E+01
dx  = 6.24434E+00
dy  = 1.07349E+00
*** defect info ***
r  =  4.08492E-01
h  =  5.21297E-02
