*** transform info ***
phi = 1.50317E+02
dx  = 5.45622E+00
dy  = -8.74744E-01
*** defect info ***
r  =  1.03523E+00
h  =  1.09240E-01
