*** transform info ***
phi = 4.23400E+01
dx  = 2.94958E+00
dy  = -1.72069E+00
*** defect info ***
r  =  7.42794E-01
h  =  1.49131E-01
