*** transform info ***
phi = 1.24429E+02
dx  = 4.57015E+00
dy  = -1.64741E+00
*** defect info ***
r  =  1.10191E+00
h  =  1.07422E-01
