*** transform info ***
phi = 1.38839E+02
dx  = 3.24429E+00
dy  = 3.08889E+00
*** defect info ***
r  =  4.62823E-01
h  =  1.27985E-01
