*** transform info ***
phi = 1.29725E+02
dx  = -1.04649E-01
dy  = 4.37372E+00
*** defect info ***
r  =  5.62699E-01
h  =  6.01713E-02
