*** transform info ***
phi = 1.19535E+01
dx  = -6.54653E+00
dy  = -2.66174E+00
*** defect info ***
r  =  6.89963E-01
h  =  1.87495E-01
