*** transform info ***
phi = 2.79546E+01
dx  = -4.14098E+00
dy  = 3.73601E-02
*** defect info ***
r  =  5.98523E-01
h  =  1.92338E-01
