*** transform info ***
phi = 4.38840E+01
dx  = -9.59611E-01
dy  = -1.68640E+00
*** defect info ***
r  =  7.10987E-01
h  =  1.10902E-01
