*** transform info ***
phi = 5.92832E+01
dx  = 3.76903E+00
dy  = 6.43702E+00
*** defect info ***
r  =  8.33741E-01
h  =  1.23476E-01
