*** transform info ***
phi = 1.02188E+02
dx  = -4.56494E+00
dy  = -2.70194E+00
*** defect info ***
r  =  5.56502E-01
h  =  9.47203E-02
