*** transform info ***
phi = 1.37870E+02
dx  = -7.34988E+00
dy  = 7.47297E-02
*** defect info ***
r  =  4.02130E-01
h  =  1.83690E-01
