*** transform info ***
phi = 1.64577E+02
dx  = -3.18375E+00
dy  = -1.01191E+00
*** defect info ***
r  =  8.02487E-01
h  =  7.00156E-02
