*** transform info ***
phi = 1.35056E+02
dx  = -2.77294E+00
dy  = 3.01639E+00
*** defect info ***
r  =  8.84988E-01
h  =  1.38546E-01
