*** transform info ***
phi = 5.28237E+01
dx  = 8.58072E-01
dy  = -6.71790E+00
*** defect info ***
r  =  8.61180E-01
h  =  1.30398E-01
