*** transform info ***
phi = 1.53734E+01
dx  = -7.55723E-01
dy  = -1.22350E+00
*** defect info ***
r  =  6.12778E-01
h  =  1.31883E-01
