*** transform info ***
phi = 1.76534E+01
dx  = 1.40753E+00
dy  = -2.12324E+00
*** defect info ***
r  =  7.96550E-01
h  =  6.37187E-02
