*** transform info ***
phi = 9.56152E+01
dx  = -3.44011E+00
dy  = -1.61472E+00
*** defect info ***
r  =  1.00495E+00
h  =  1.99930E-01
