*** transform info ***
phi = 1.62924E+02
dx  = 1.84619E+00
dy  = -2.86884E+00
*** defect info ***
r  =  4.81181E-01
h  =  1.70027E-01
