*** transform info ***
phi = 1.55580E+02
dx  = 6.08318E+00
dy  = -5.17272E+00
*** defect info ***
r  =  7.29205E-01
h  =  5.97541E-02
