*** transform info ***
phi = 1.21419E+00
dx  = -5.04376E+00
dy  = -2.52101E+00
*** defect info ***
r  =  6.70362E-01
h  =  6.57476E-02
