*** transform info ***
phi = 1.78124E+00
dx  = -6.18349E+00
dy  = -3.84723E+00
*** defect info ***
r  =  4.73044E-01
h  =  9.59162E-02
