*** transform info ***
phi = 9.64059E+01
dx  = 3.41324E-01
dy  = 6.28194E-01
*** defect info ***
r  =  5.54268E-01
h  =  1.73276E-01
