*** transform info ***
phi = 1.45661E+02
dx  = -3.64387E+00
dy  = 1.02448E+00
*** defect info ***
r  =  7.55785E-01
h  =  1.77961E-01
