*** transform info ***
phi = 1.28986E+02
dx  = 1.29649E+00
dy  = 4.79442E+00
*** defect info ***
r  =  4.64171E-01
h  =  1.24010E-01
