*** transform info ***
phi = 5.84231E+01
dx  = 1.27168E+00
dy  = -4.11708E+00
*** defect info ***
r  =  8.99859E-01
h  =  7.12993E-02
