*** transform info ***
phi = 6.16718E+01
dx  = 2.81927E+00
dy  = 3.70051E+00
*** defect info ***
r  =  8.78252E-01
h  =  1.10871E-01
