*** transform info ***
phi = 7.64897E+01
dx  = 3.65566E+00
dy  = 1.37551E+00
*** defect info ***
r  =  6.70347E-01
h  =  1.92857E-01
