*** transform info ***
phi = 1.49847E+02
dx  = -9.97854E-01
dy  = 3.04113E+00
*** defect info ***
r  =  9.46533E-01
h  =  1.85596E-01
