*** transform info ***
phi = 9.30035E+01
dx  = 9.48866E-01
dy  = 2.17798E+00
*** defect info ***
r  =  7.15546E-01
h  =  9.15951E-02
