*** transform info ***
phi = 9.67227E+00
dx  = -2.94099E+00
dy  = -2.64090E+00
*** defect info ***
r  =  1.01335E+00
h  =  1.24570E-01
