*** transform info ***
phi = 5.90215E+01
dx  = -3.73444E+00
dy  = -2.44196E+00
*** defect info ***
r  =  6.74178E-01
h  =  1.46436E-01
