*** transform info ***
phi = 4.96942E+01
dx  = -1.52067E+00
dy  = -6.66877E+00
*** defect info ***
r  =  2.75014E-01
h  =  6.65968E-02
