*** transform info ***
phi = 1.57161E+02
dx  = -6.72869E+00
dy  = -4.06275E+00
*** defect info ***
r  =  9.94657E-01
h  =  1.31811E-01
