*** transform info ***
phi = 8.45809E+01
dx  = 2.22585E+00
dy  = 2.69120E+00
*** defect info ***
r  =  6.54805E-01
h  =  6.06365E-02
