*** transform info ***
phi = 8.81478E+01
dx  = -7.01227E+00
dy  = 1.74795E+00
*** defect info ***
r  =  1.07002E+00
h  =  1.76391E-01
