*** transform info ***
phi = 4.57977E+01
dx  = 1.83987E-01
dy  = 4.30091E+00
*** defect info ***
r  =  6.93696E-01
h  =  1.94745E-01
