*** transform info ***
phi = 1.36726E+02
dx  = 3.41163E+00
dy  = -1.19632E+00
*** defect info ***
r  =  4.98242E-01
h  =  1.59863E-01
