*** transform info ***
phi = 4.27712E+01
dx  = -8.38524E-01
dy  = 3.13281E+00
*** defect info ***
r  =  9.42193E-01
h  =  1.79144E-01
