*** transform info ***
phi = 6.97068E+01
dx  = 4.07202E+00
dy  = 2.58991E+00
*** defect info ***
r  =  1.01922E+00
h  =  1.92269E-01
