*** transform info ***
phi = 1.44993E+02
dx  = 3.27489E+00
dy  = 7.45492E+00
*** defect info ***
r  =  4.34683E-01
h  =  6.50762E-02
