*** transform info ***
phi = 4.63613E+01
dx  = -8.81169E-01
dy  = 7.52526E+00
*** defect info ***
r  =  9.22694E-01
h  =  1.26223E-01
