*** transform info ***
phi = 9.61183E+01
dx  = -7.29368E+00
dy  = -3.04948E+00
*** defect info ***
r  =  4.89351E-01
h  =  1.63320E-01
