*** transform info ***
phi = 1.57767E+02
dx  = -3.87641E+00
dy  = -4.51517E+00
*** defect info ***
r  =  1.11942E+00
h  =  1.32841E-01
