*** transform info ***
phi = 1.14788E+02
dx  = 6.03437E+00
dy  = -1.11576E+00
*** defect info ***
r  =  5.61920E-01
h  =  1.14521E-01
