*** transform info ***
phi = 1.71154E+02
dx  = -5.18693E+00
dy  = -1.13574E+00
*** defect info ***
r  =  8.23018E-01
h  =  1.13551E-01
