*** transform info ***
phi = 1.50583E+02
dx  = 2.76066E+00
dy  = 5.47366E+00
*** defect info ***
r  =  6.86851E-01
h  =  1.66167E-01
