*** transform info ***
phi = 9.96080E+01
dx  = -3.82597E+00
dy  = -1.26076E+00
*** defect info ***
r  =  1.10857E+00
h  =  1.63134E-01
