*** transform info ***
phi = 6.36230E+01
dx  = 4.65101E+00
dy  = -3.08837E+00
*** defect info ***
r  =  6.66275E-01
h  =  1.47392E-01
