*** transform info ***
phi = 6.81310E+01
dx  = -5.73943E+00
dy  = 2.25002E+00
*** defect info ***
r  =  8.13177E-01
h  =  1.54363E-01
