*** transform info ***
phi = 6.85761E+01
dx  = -6.50579E+00
dy  = 2.05082E-01
*** defect info ***
r  =  1.13886E+00
h  =  1.53038E-01
