*** transform info ***
phi = 1.70847E+02
dx  = -2.58435E+00
dy  = -2.19937E+00
*** defect info ***
r  =  1.97932E-01
h  =  6.16131E-02
