*** transform info ***
phi = 9.67154E+01
dx  = 4.08174E-01
dy  = 4.29876E+00
*** defect info ***
r  =  5.06429E-01
h  =  1.07604E-01
