*** transform info ***
phi = 6.65270E+01
dx  = 1.04148E+00
dy  = -3.18333E+00
*** defect info ***
r  =  8.57208E-01
h  =  1.17691E-01
