*** transform info ***
phi = 1.78636E+02
dx  = -6.04663E+00
dy  = -1.00783E+00
*** defect info ***
r  =  1.12647E+00
h  =  1.67239E-01
