*** transform info ***
phi = 1.78259E+02
dx  = 6.26791E+00
dy  = -1.08059E+00
*** defect info ***
r  =  6.88610E-01
h  =  1.11886E-01
