*** transform info ***
phi = 1.61486E+02
dx  = -6.37438E-01
dy  = -3.79505E+00
*** defect info ***
r  =  1.11445E+00
h  =  8.36809E-02
