*** transform info ***
phi = 1.45683E+02
dx  = 3.70809E+00
dy  = -8.29650E-01
*** defect info ***
r  =  6.07261E-01
h  =  1.69925E-01
