*** transform info ***
phi = 1.21897E+02
dx  = -6.77797E+00
dy  = 3.09886E-01
*** defect info ***
r  =  7.02938E-01
h  =  1.76785E-01
