*** transform info ***
phi = 8.97189E+01
dx  = 7.45707E+00
dy  = 2.57071E+00
*** defect info ***
r  =  1.93587E-01
h  =  9.28288E-02
