*** transform info ***
phi = 1.75310E+02
dx  = 7.53367E+00
dy  = 1.52775E+00
*** defect info ***
r  =  4.34820E-01
h  =  1.30028E-01
