*** transform info ***
phi = 9.46167E+01
dx  = 4.97565E+00
dy  = -8.94141E-01
*** defect info ***
r  =  1.07565E+00
h  =  6.32663E-02
