*** transform info ***
phi = 1.75949E+02
dx  = -6.06663E-01
dy  = -1.67557E+00
*** defect info ***
r  =  6.10873E-01
h  =  5.45862E-02
