*** transform info ***
phi = 5.64080E+01
dx  = 1.13300E+00
dy  = -5.63180E+00
*** defect info ***
r  =  9.05649E-01
h  =  1.48096E-01
