*** transform info ***
phi = 1.75715E+00
dx  = -5.36086E-01
dy  = -4.01314E+00
*** defect info ***
r  =  7.31725E-01
h  =  7.76524E-02
