*** transform info ***
phi = 1.40527E+01
dx  = 1.56083E+00
dy  = -5.20758E-01
*** defect info ***
r  =  5.22285E-01
h  =  7.64356E-02
