*** transform info ***
phi = 9.64104E+01
dx  = -2.77247E+00
dy  = 2.54238E+00
*** defect info ***
r  =  1.11746E+00
h  =  5.68819E-02
