*** transform info ***
phi = 1.53086E+02
dx  = 1.67430E+00
dy  = -1.03891E+00
*** defect info ***
r  =  7.24894E-01
h  =  1.02056E-01
