*** transform info ***
phi = 1.68781E+02
dx  = -5.18315E+00
dy  = 8.75268E-01
*** defect info ***
r  =  5.25604E-01
h  =  5.12957E-02
