*** transform info ***
phi = 4.80461E+01
dx  = 1.04402E+00
dy  = -3.54756E+00
*** defect info ***
r  =  9.87813E-01
h  =  1.03041E-01
