*** transform info ***
phi = 5.23013E+01
dx  = -3.07290E+00
dy  = -1.64204E-01
*** defect info ***
r  =  4.66340E-01
h  =  1.95195E-01
