*** transform info ***
phi = 6.32174E+00
dx  = 5.31791E+00
dy  = -2.19466E+00
*** defect info ***
r  =  1.02121E+00
h  =  6.68931E-02
