*** transform info ***
phi = 4.87772E+00
dx  = 1.57469E+00
dy  = 2.89501E+00
*** defect info ***
r  =  5.43755E-01
h  =  9.96267E-02
