*** transform info ***
phi = 1.16235E+02
dx  = -1.42289E-01
dy  = -1.10741E+00
*** defect info ***
r  =  7.00754E-01
h  =  4.99089E-02
