*** transform info ***
phi = 1.59628E+02
dx  = 6.91496E+00
dy  = 5.34309E+00
*** defect info ***
r  =  9.49844E-01
h  =  1.98024E-01
