*** transform info ***
phi = 1.98076E+01
dx  = 6.82581E+00
dy  = -4.85438E-01
*** defect info ***
r  =  1.15053E+00
h  =  5.14390E-02
