*** transform info ***
phi = 9.00004E+01
dx  = -5.21789E+00
dy  = 2.30820E+00
*** defect info ***
r  =  4.87536E-01
h  =  1.23078E-01
