*** transform info ***
phi = 1.79986E+02
dx  = -4.08822E+00
dy  = 1.09640E+00
*** defect info ***
r  =  5.23709E-01
h  =  5.99200E-02
