*** transform info ***
phi = 5.62909E+01
dx  = 1.63588E-01
dy  = -3.31667E+00
*** defect info ***
r  =  9.26879E-01
h  =  1.02480E-01
