*** transform info ***
phi = 1.63135E+02
dx  = 2.54700E+00
dy  = 3.76086E+00
*** defect info ***
r  =  6.90680E-01
h  =  1.92808E-01
