*** transform info ***
phi = 2.27810E+01
dx  = -3.41645E+00
dy  = -2.03712E+00
*** defect info ***
r  =  6.04161E-01
h  =  1.02395E-01
