*** transform info ***
phi = 1.48575E+02
dx  = 2.85646E+00
dy  = -3.44282E+00
*** defect info ***
r  =  1.12294E+00
h  =  1.98663E-01
