*** transform info ***
phi = 1.32247E+02
dx  = 1.13065E+00
dy  = -2.96977E-01
*** defect info ***
r  =  1.11774E+00
h  =  8.69406E-02
