*** transform info ***
phi = 2.41564E+00
dx  = -1.60644E-01
dy  = -3.31752E+00
*** defect info ***
r  =  9.25618E-01
h  =  1.93013E-01
