*** transform info ***
phi = 1.33854E+02
dx  = -2.44226E+00
dy  = -1.32102E+00
*** defect info ***
r  =  7.88966E-01
h  =  1.93229E-01
