*** transform info ***
phi = 1.56256E+02
dx  = -2.01579E+00
dy  = 3.51197E+00
*** defect info ***
r  =  1.12139E+00
h  =  1.60232E-01
