*** transform info ***
phi = 3.94471E+01
dx  = -6.36380E-01
dy  = -2.77521E+00
*** defect info ***
r  =  9.17843E-01
h  =  1.77989E-01
