*** transform info ***
phi = 5.15960E+01
dx  = -3.60111E+00
dy  = 3.08240E+00
*** defect info ***
r  =  8.94406E-01
h  =  1.88885E-01
