*** transform info ***
phi = 3.83901E+01
dx  = -2.32739E+00
dy  = 1.70337E+00
*** defect info ***
r  =  1.01174E+00
h  =  5.70148E-02
