*** transform info ***
phi = 1.51936E+02
dx  = -7.08448E+00
dy  = -2.06152E+00
*** defect info ***
r  =  4.01020E-01
h  =  1.51893E-01
