*** transform info ***
phi = 7.22025E+01
dx  = 5.58264E+00
dy  = -1.02915E+00
*** defect info ***
r  =  5.74968E-01
h  =  1.90236E-01
