*** transform info ***
phi = 7.51015E+01
dx  = 2.59483E+00
dy  = -2.23089E+00
*** defect info ***
r  =  8.21263E-01
h  =  5.77785E-02
