*** transform info ***
phi = 2.45107E+01
dx  = 3.19821E+00
dy  = 2.56027E+00
*** defect info ***
r  =  5.67831E-01
h  =  7.98067E-02
