*** transform info ***
phi = 1.46457E+02
dx  = -6.07656E+00
dy  = 1.20965E+00
*** defect info ***
r  =  9.61858E-01
h  =  5.86497E-02
