*** transform info ***
phi = 1.02515E+02
dx  = 2.20626E+00
dy  = -7.01010E-01
*** defect info ***
r  =  9.81704E-01
h  =  9.46868E-02
