*** transform info ***
phi = 1.08882E+02
dx  = 6.16611E+00
dy  = 1.14216E+00
*** defect info ***
r  =  5.93913E-01
h  =  1.95188E-01
