*** transform info ***
phi = 1.53850E+02
dx  = 2.65400E+00
dy  = 1.63519E+00
*** defect info ***
r  =  8.94218E-01
h  =  1.98944E-01
