*** transform info ***
phi = 1.77622E+02
dx  = 2.16295E+00
dy  = 2.99613E+00
*** defect info ***
r  =  9.90454E-01
h  =  1.80626E-01
