*** transform info ***
phi = 1.45041E+02
dx  = 2.61199E+00
dy  = -4.24256E+00
*** defect info ***
r  =  1.14246E+00
h  =  8.12512E-02
