*** transform info ***
phi = 1.16777E+02
dx  = -3.81690E+00
dy  = -1.87589E+00
*** defect info ***
r  =  9.55154E-01
h  =  8.05731E-02
