*** transform info ***
phi = 6.94391E+01
dx  = -4.38641E+00
dy  = 2.38458E+00
*** defect info ***
r  =  9.99328E-01
h  =  7.11590E-02
