*** transform info ***
phi = 6.88886E+01
dx  = 2.13617E+00
dy  = -4.64262E+00
*** defect info ***
r  =  7.81985E-01
h  =  7.45162E-02
