*** transform info ***
phi = 2.76054E+00
dx  = 7.99276E+00
dy  = 2.79784E+00
*** defect info ***
r  =  4.99793E-01
h  =  1.22739E-01
