*** transform info ***
phi = 5.44558E+01
dx  = -4.74003E+00
dy  = 5.20617E+00
*** defect info ***
r  =  1.48561E-01
h  =  4.32081E-02
