*** transform info ***
phi = 6.45727E+01
dx  = -5.55942E+00
dy  = 2.33785E+00
*** defect info ***
r  =  7.76941E-01
h  =  1.53515E-01
