*** transform info ***
phi = 5.28142E+01
dx  = -2.98960E+00
dy  = 5.82752E+00
*** defect info ***
r  =  4.35813E-01
h  =  8.94813E-02
