*** transform info ***
phi = 8.02635E+01
dx  = -2.50017E+00
dy  = 3.86298E+00
*** defect info ***
r  =  1.15404E+00
h  =  1.05678E-01
