*** transform info ***
phi = 5.09694E+00
dx  = -5.15829E-01
dy  = -6.84202E-01
*** defect info ***
r  =  1.18664E+00
h  =  6.37480E-02
