*** transform info ***
phi = 1.49882E+02
dx  = -3.75097E+00
dy  = -5.61880E+00
*** defect info ***
r  =  7.73475E-01
h  =  1.85027E-01
