*** transform info ***
phi = 1.72782E+02
dx  = -5.04127E+00
dy  = 4.23683E+00
*** defect info ***
r  =  5.62139E-01
h  =  1.19239E-01
