*** transform info ***
phi = 1.60929E+02
dx  = 2.13752E-01
dy  = -1.97682E+00
*** defect info ***
r  =  9.03945E-01
h  =  1.06863E-01
