*** transform info ***
phi = 2.05191E+00
dx  = 2.64665E+00
dy  = -8.47190E-01
*** defect info ***
r  =  6.36845E-01
h  =  8.54941E-02
