*** transform info ***
phi = 1.63408E+02
dx  = -6.46291E+00
dy  = -8.90516E-01
*** defect info ***
r  =  8.48203E-01
h  =  1.37893E-01
