*** transform info ***
phi = 8.60913E+01
dx  = 6.93373E+00
dy  = 1.57416E+00
*** defect info ***
r  =  9.99770E-01
h  =  1.90494E-01
