*** transform info ***
phi = 9.81109E+01
dx  = 1.15355E+00
dy  = 3.81772E+00
*** defect info ***
r  =  4.19548E-01
h  =  1.05543E-01
