*** transform info ***
phi = 3.75517E+01
dx  = -2.28083E-01
dy  = -4.08846E+00
*** defect info ***
r  =  5.95313E-01
h  =  1.89710E-01
