*** transform info ***
phi = 7.84459E+01
dx  = 2.71686E+00
dy  = 1.09507E-01
*** defect info ***
r  =  9.89779E-01
h  =  1.47223E-01
