*** transform info ***
phi = 9.71068E+00
dx  = -3.13365E+00
dy  = -3.23479E+00
*** defect info ***
r  =  5.99980E-01
h  =  9.40697E-02
