*** transform info ***
phi = 6.40989E+01
dx  = -7.13108E+00
dy  = -7.96898E-01
*** defect info ***
r  =  3.29249E-01
h  =  6.97064E-02
