*** transform info ***
phi = 8.72665E+01
dx  = 7.71643E+00
dy  = -5.91129E-01
*** defect info ***
r  =  9.61918E-01
h  =  1.66789E-01
