*** transform info ***
phi = 1.07384E+02
dx  = -4.29577E+00
dy  = -2.82535E+00
*** defect info ***
r  =  5.69503E-01
h  =  1.71725E-01
