*** transform info ***
phi = 7.76992E+01
dx  = -7.96469E+00
dy  = 2.21988E+00
*** defect info ***
r  =  6.61040E-01
h  =  4.77514E-02
