*** transform info ***
phi = 1.75676E+02
dx  = 5.39314E+00
dy  = 2.83467E+00
*** defect info ***
r  =  8.78136E-01
h  =  1.49869E-01
