*** transform info ***
phi = 5.46207E+01
dx  = -4.34773E-01
dy  = 5.99753E-01
*** defect info ***
r  =  9.97688E-01
h  =  9.83205E-02
