*** transform info ***
phi = 9.58942E+01
dx  = -7.73220E+00
dy  = 9.18366E-01
*** defect info ***
r  =  9.72221E-01
h  =  1.92151E-01
