*** transform info ***
phi = 8.38098E+01
dx  = 1.60033E+00
dy  = -7.01975E-01
*** defect info ***
r  =  1.18257E+00
h  =  5.82676E-02
