*** transform info ***
phi = 1.69282E+02
dx  = 6.71177E+00
dy  = 1.33142E+00
*** defect info ***
r  =  4.80337E-01
h  =  1.00834E-01
