*** transform info ***
phi = 1.50067E+02
dx  = -4.41547E+00
dy  = -3.25968E+00
*** defect info ***
r  =  5.33374E-01
h  =  1.66366E-01
