*** transform info ***
phi = 1.55322E+02
dx  = 5.76280E+00
dy  = -6.61805E+00
*** defect info ***
r  =  1.02031E+00
h  =  6.31711E-02
