*** transform info ***
phi = 5.84886E+01
dx  = -2.20151E+00
dy  = -5.93185E+00
*** defect info ***
r  =  8.57182E-01
h  =  1.18793E-01
