*** transform info ***
phi = 3.16679E-01
dx  = -2.75479E+00
dy  = -2.53831E+00
*** defect info ***
r  =  5.87476E-01
h  =  1.27241E-01
