*** transform info ***
phi = 6.84810E+01
dx  = 3.43074E+00
dy  = -1.46459E+00
*** defect info ***
r  =  7.97367E-01
h  =  1.65514E-01
