*** transform info ***
phi = 7.41518E+01
dx  = -2.68660E+00
dy  = 4.40233E+00
*** defect info ***
r  =  6.45040E-01
h  =  1.44373E-01
