*** transform info ***
phi = 1.01813E+02
dx  = 3.35800E+00
dy  = 1.01930E+00
*** defect info ***
r  =  8.52146E-01
h  =  7.72943E-02
