*** transform info ***
phi = 3.51953E+01
dx  = 5.84729E-01
dy  = 1.64080E+00
*** defect info ***
r  =  1.12992E+00
h  =  1.66349E-01
