*** transform info ***
phi = 5.96690E+01
dx  = 1.08739E+00
dy  = 3.18395E+00
*** defect info ***
r  =  9.05230E-01
h  =  1.39393E-01
