*** transform info ***
phi = 1.70519E+02
dx  = 6.40214E+00
dy  = 3.14226E+00
*** defect info ***
r  =  1.14234E+00
h  =  1.44801E-01
