*** transform info ***
phi = 1.32529E+02
dx  = 1.28428E+00
dy  = -3.31153E+00
*** defect info ***
r  =  6.24586E-01
h  =  1.02279E-01
