*** transform info ***
phi = 1.47185E+02
dx  = -6.58432E-01
dy  = -5.95600E+00
*** defect info ***
r  =  6.81876E-01
h  =  6.29736E-02
