*** transform info ***
phi = 4.99073E+01
dx  = 5.77276E+00
dy  = 1.96039E+00
*** defect info ***
r  =  8.21741E-01
h  =  8.53432E-02
