*** transform info ***
phi = 4.58182E+01
dx  = -2.24068E+00
dy  = 5.69787E+00
*** defect info ***
r  =  4.99656E-01
h  =  8.08206E-02
