*** transform info ***
phi = 1.16144E+01
dx  = -3.52539E-01
dy  = 3.96557E+00
*** defect info ***
r  =  9.57118E-01
h  =  1.40975E-01
