*** transform info ***
phi = 1.75722E+01
dx  = -3.79629E+00
dy  = 2.86714E+00
*** defect info ***
r  =  1.06791E+00
h  =  1.91341E-01
