*** transform info ***
phi = 1.44666E+02
dx  = -3.69925E+00
dy  = 4.12682E+00
*** defect info ***
r  =  9.94602E-01
h  =  1.19436E-01
