*** transform info ***
phi = 7.36218E+01
dx  = -3.96864E+00
dy  = -8.14825E-01
*** defect info ***
r  =  9.27200E-01
h  =  1.54224E-01
