*** transform info ***
phi = 6.12332E+01
dx  = -2.94102E+00
dy  = -6.50817E+00
*** defect info ***
r  =  4.64674E-01
h  =  7.29051E-02
