*** transform info ***
phi = 4.10724E+01
dx  = 1.80144E+00
dy  = -1.51115E+00
*** defect info ***
r  =  7.75758E-01
h  =  1.46282E-01
