*** transform info ***
phi = 8.72170E+01
dx  = 6.91317E+00
dy  = 3.19189E+00
*** defect info ***
r  =  6.99983E-01
h  =  1.73267E-01
