*** transform info ***
phi = 8.04823E+01
dx  = 2.39589E+00
dy  = -4.59534E+00
*** defect info ***
r  =  1.09120E+00
h  =  1.25580E-01
