*** transform info ***
phi = 2.35779E+01
dx  = -2.48378E+00
dy  = -5.62703E-02
*** defect info ***
r  =  1.07016E+00
h  =  1.48679E-01
