*** transform info ***
phi = 3.16783E+01
dx  = -8.11511E-01
dy  = 2.97611E+00
*** defect info ***
r  =  1.89548E-01
h  =  7.88216E-02
