*** transform info ***
phi = 9.76244E+01
dx  = -2.62352E-01
dy  = -7.48059E-02
*** defect info ***
r  =  3.70938E-01
h  =  6.05892E-02
