*** transform info ***
phi = 1.43911E+02
dx  = -4.13960E+00
dy  = 5.88718E+00
*** defect info ***
r  =  5.30310E-01
h  =  8.44731E-02
