*** transform info ***
phi = 8.42403E+01
dx  = -7.25936E+00
dy  = -4.31583E+00
*** defect info ***
r  =  5.98341E-01
h  =  1.51933E-01
