*** transform info ***
phi = 1.05829E+02
dx  = -2.45604E+00
dy  = -1.22603E+00
*** defect info ***
r  =  6.57105E-01
h  =  6.72497E-02
