*** transform info ***
phi = 1.38169E+02
dx  = 4.41597E+00
dy  = 5.51792E-01
*** defect info ***
r  =  1.13989E+00
h  =  8.93142E-02
