*** transform info ***
phi = 1.19339E+02
dx  = 7.10509E+00
dy  = 5.89389E-01
*** defect info ***
r  =  7.65941E-01
h  =  7.26684E-02
