*** transform info ***
phi = 1.55544E+02
dx  = -4.64491E+00
dy  = 3.66083E+00
*** defect info ***
r  =  6.98648E-01
h  =  7.82709E-02
