*** transform info ***
phi = 1.47818E+02
dx  = -4.69092E+00
dy  = 6.13612E+00
*** defect info ***
r  =  4.82235E-01
h  =  7.69241E-02
