*** transform info ***
phi = 4.17022E+01
dx  = 6.18654E+00
dy  = -9.10992E-01
*** defect info ***
r  =  1.13192E+00
h  =  1.14431E-01
