*** transform info ***
phi = 4.33308E+01
dx  = 2.30989E+00
dy  = -4.08789E+00
*** defect info ***
r  =  5.59475E-01
h  =  1.25831E-01
