*** transform info ***
phi = 4.76554E+01
dx  = -2.07552E-01
dy  = -4.86890E+00
*** defect info ***
r  =  8.45079E-01
h  =  5.11104E-02
