*** transform info ***
phi = 5.37419E+01
dx  = -3.20889E+00
dy  = -7.18482E+00
*** defect info ***
r  =  1.17512E+00
h  =  9.35866E-02
