*** transform info ***
phi = 8.48645E+00
dx  = 1.74701E+00
dy  = -1.30279E+00
*** defect info ***
r  =  7.02633E-01
h  =  6.11839E-02
