*** transform info ***
phi = 1.62302E+02
dx  = -4.92939E+00
dy  = -4.93241E+00
*** defect info ***
r  =  7.58455E-01
h  =  1.96444E-01
