*** transform info ***
phi = 5.96114E+01
dx  = -4.45996E+00
dy  = 5.04903E+00
*** defect info ***
r  =  7.46676E-01
h  =  3.24347E-02
