*** transform info ***
phi = 1.76300E+02
dx  = 6.51643E+00
dy  = -7.12551E-01
*** defect info ***
r  =  6.48505E-01
h  =  1.27863E-01
