*** transform info ***
phi = 1.56889E+02
dx  = -5.77361E+00
dy  = -6.74989E+00
