*** transform info ***
phi = 1.46213E+02
dx  = -7.17490E+00
dy  = -4.50102E-01
