*** transform info ***
phi = 5.09697E+01
dx  = 4.30844E+00
dy  = 3.20436E+00
