*** transform info ***
phi = 1.26542E+02
dx  = 2.52639E+00
dy  = -1.40586E+00
