*** transform info ***
phi = 1.53512E+02
dx  = -3.79386E+00
dy  = -9.51446E-01
