*** transform info ***
phi = 6.20356E+01
dx  = 4.21302E+00
dy  = 3.44561E-02
